        9	2023-01-02 07:08:26	1	0	1	0
        6	2023-01-02 07:13:19	1	0	1	0
       21	2023-01-02 07:13:27	1	0	1	0
        4	2023-01-02 07:13:48	1	0	1	0
       13	2023-01-02 07:15:18	1	0	1	0
        3	2023-01-02 07:18:39	1	0	1	0
       20	2023-01-02 07:37:57	1	0	1	0
        4	2023-01-02 17:41:17	1	0	1	0
       13	2023-01-02 17:41:25	1	1	1	0
        6	2023-01-02 17:41:29	1	1	1	0
       21	2023-01-02 17:41:34	1	1	1	0
        9	2023-01-02 17:41:37	1	1	1	0
        9	2023-01-02 17:41:39	1	1	1	0
       20	2023-01-02 17:41:44	1	1	1	0
        3	2023-01-02 17:41:46	1	1	1	0
        9	2023-01-03 07:06:23	1	0	1	0
       20	2023-01-03 07:09:13	1	0	1	0
       21	2023-01-03 07:15:43	1	0	1	0
        6	2023-01-03 07:15:56	1	0	1	0
       13	2023-01-03 07:19:40	1	0	1	0
        4	2023-01-03 07:20:43	1	0	1	0
        3	2023-01-03 07:26:23	1	0	1	0
        3	2023-01-03 07:26:29	1	0	1	0
        6	2023-01-03 17:11:55	1	1	1	0
       13	2023-01-03 17:12:00	1	1	1	0
       20	2023-01-03 17:12:07	1	1	1	0
        9	2023-01-03 17:12:27	1	1	1	0
       21	2023-01-03 17:12:37	1	0	1	0
        3	2023-01-03 17:12:47	1	1	1	0
        4	2023-01-03 17:12:58	1	1	1	0
       20	2023-01-06 06:53:35	1	0	1	0
        9	2023-01-06 06:58:14	1	0	1	0
        6	2023-01-06 07:08:58	1	0	1	0
       21	2023-01-06 07:09:08	1	0	1	0
        3	2023-01-06 07:11:42	1	0	1	0
       13	2023-01-06 07:14:33	1	0	1	0
        4	2023-01-06 07:16:23	1	0	1	0
       13	2023-01-06 18:23:18	1	1	1	0
       13	2023-01-06 18:23:24	1	1	1	0
        6	2023-01-06 18:23:28	1	1	1	0
       21	2023-01-06 18:23:33	1	1	1	0
        9	2023-01-06 18:26:43	1	1	1	0
       20	2023-01-06 18:30:08	1	1	1	0
        4	2023-01-06 18:30:32	1	1	1	0
        3	2023-01-06 18:31:00	1	1	1	0
        3	2023-01-06 18:31:03	1	1	1	0
        6	2023-01-07 07:13:20	1	0	1	0
        4	2023-01-07 07:13:23	1	0	1	0
       20	2023-01-07 07:13:27	1	0	1	0
       21	2023-01-07 07:13:32	1	0	1	0
       13	2023-01-07 07:21:05	1	0	1	0
        4	2023-01-07 17:55:14	1	1	1	0
        6	2023-01-07 17:55:18	1	1	1	0
       21	2023-01-07 17:55:22	1	1	1	0
       13	2023-01-07 17:55:28	1	1	1	0
       20	2023-01-07 17:55:32	1	1	1	0
        3	2023-01-07 17:55:36	1	1	1	0
        9	2023-01-08 07:01:53	1	0	1	0
        6	2023-01-08 07:02:39	1	0	1	0
       21	2023-01-08 07:02:43	1	0	1	0
        4	2023-01-08 07:04:47	1	0	1	0
       13	2023-01-08 07:13:14	1	0	1	0
       20	2023-01-08 07:20:10	1	0	1	0
        6	2023-01-08 11:39:50	1	1	1	0
       13	2023-01-08 17:11:21	1	1	1	0
       21	2023-01-08 17:11:26	1	1	1	0
        9	2023-01-08 17:11:29	1	1	1	0
        4	2023-01-08 17:11:33	1	1	1	0
       20	2023-01-08 17:11:36	1	1	1	0
        3	2023-01-08 17:11:46	1	1	1	0
        9	2023-01-09 07:00:37	1	0	1	0
        6	2023-01-09 07:02:42	1	0	1	0
       13	2023-01-09 07:13:11	1	0	1	0
       20	2023-01-09 07:22:21	1	0	1	0
        4	2023-01-09 09:50:22	1	0	1	0
        6	2023-01-09 18:58:49	1	1	1	0
       13	2023-01-09 19:00:02	1	1	1	0
       20	2023-01-09 19:00:07	1	1	1	0
        9	2023-01-09 19:00:13	1	1	1	0
        9	2023-01-09 19:00:15	1	1	1	0
        4	2023-01-09 19:00:34	1	1	1	0
        4	2023-01-09 19:01:08	1	1	1	0
       20	2023-01-10 07:06:25	1	0	1	0
        9	2023-01-10 07:10:18	1	0	1	0
        6	2023-01-10 07:11:45	1	0	1	0
       21	2023-01-10 07:11:53	1	0	1	0
        4	2023-01-10 07:12:20	1	0	1	0
        6	2023-01-10 17:27:36	1	1	1	0
        9	2023-01-10 17:27:42	1	1	1	0
       20	2023-01-10 17:30:26	1	1	1	0
       21	2023-01-10 17:30:29	1	1	1	0
        4	2023-01-10 17:30:51	1	1	1	0
        9	2023-01-11 07:07:52	1	0	1	0
       21	2023-01-11 07:08:23	1	0	1	0
       20	2023-01-11 07:11:36	1	0	1	0
       13	2023-01-11 07:19:55	1	0	1	0
       13	2023-01-11 17:44:54	1	1	1	0
       20	2023-01-11 17:44:58	1	1	1	0
        9	2023-01-11 17:45:13	1	1	1	0
        9	2023-01-11 17:45:16	1	1	1	0
       21	2023-01-11 17:45:30	1	1	1	0
       21	2023-01-12 07:06:00	1	0	1	0
        4	2023-01-12 07:10:24	1	0	1	0
        9	2023-01-12 07:16:35	1	0	1	0
       13	2023-01-12 07:19:14	1	0	1	0
       20	2023-01-12 07:24:01	1	0	1	0
        4	2023-01-12 17:48:59	1	1	1	0
       13	2023-01-12 17:49:05	1	1	1	0
        9	2023-01-12 17:49:11	1	1	1	0
       20	2023-01-12 17:49:16	1	1	1	0
        3	2023-01-12 17:49:19	1	1	1	0
       21	2023-01-12 17:49:23	1	1	1	0
       21	2023-01-13 07:06:58	1	0	1	0
        9	2023-01-13 07:11:23	1	0	1	0
        4	2023-01-13 07:12:18	1	0	1	0
       13	2023-01-13 07:17:49	1	0	1	0
       20	2023-01-13 07:20:05	1	0	1	0
       13	2023-01-13 18:19:58	1	1	1	0
       20	2023-01-13 18:20:02	1	1	1	0
        9	2023-01-13 18:20:13	1	1	1	0
       21	2023-01-13 18:20:17	1	1	1	0
        4	2023-01-13 18:20:20	1	1	1	0
        4	2023-01-14 07:07:00	1	0	1	0
        9	2023-01-14 07:10:14	1	0	1	0
       13	2023-01-14 07:12:10	1	0	1	0
       21	2023-01-14 07:14:03	1	0	1	0
       13	2023-01-14 17:59:18	1	1	1	0
       21	2023-01-14 17:59:25	1	1	1	0
        9	2023-01-14 17:59:32	1	1	1	0
        9	2023-01-14 17:59:34	1	1	1	0
        3	2023-01-14 18:00:42	1	1	1	0
        4	2023-01-14 18:01:09	1	1	1	0
        4	2023-01-15 07:13:13	1	0	1	0
       21	2023-01-15 07:14:29	1	0	1	0
       13	2023-01-15 07:20:26	1	0	1	0
       20	2023-01-15 07:23:37	1	0	1	0
       13	2023-01-15 17:46:20	1	1	1	0
       21	2023-01-15 17:46:44	1	1	1	0
       13	2023-01-15 17:47:41	1	1	1	0
       21	2023-01-15 17:47:51	1	1	1	0
        4	2023-01-15 17:51:55	1	1	1	0
       20	2023-01-15 17:52:03	1	1	1	0
        3	2023-01-15 17:52:11	1	1	1	0
       21	2023-01-16 07:06:01	1	0	1	0
        9	2023-01-16 07:07:02	1	0	1	0
        6	2023-01-16 07:09:14	1	0	1	0
       13	2023-01-16 07:11:35	1	0	1	0
       20	2023-01-16 07:12:07	1	0	1	0
        4	2023-01-16 07:16:21	1	0	1	0
        6	2023-01-16 17:28:02	1	1	1	0
        4	2023-01-16 17:28:07	1	1	1	0
       20	2023-01-16 17:28:19	1	1	1	0
        9	2023-01-16 17:28:25	1	1	1	0
        3	2023-01-16 17:28:30	1	1	1	0
       13	2023-01-16 17:28:35	1	1	1	0
       21	2023-01-16 17:28:45	1	1	1	0
        6	2023-01-17 06:59:00	1	4	1	0
        9	2023-01-17 07:13:15	1	0	1	0
        9	2023-01-17 07:13:17	1	0	1	0
       13	2023-01-17 07:13:32	1	0	1	0
        4	2023-01-17 07:16:21	1	0	1	0
       20	2023-01-17 07:22:23	1	0	1	0
        3	2023-01-17 17:33:22	1	1	1	0
       20	2023-01-17 17:33:26	1	1	1	0
       13	2023-01-17 17:33:37	1	1	1	0
        9	2023-01-17 17:33:43	1	1	1	0
        6	2023-01-17 17:33:48	1	1	1	0
        4	2023-01-17 17:33:58	1	1	1	0
        4	2023-01-18 07:07:26	1	0	1	0
       13	2023-01-18 07:15:13	1	0	1	0
        6	2023-01-18 07:16:31	1	0	1	0
       21	2023-01-18 07:16:36	1	0	1	0
        9	2023-01-18 07:17:36	1	0	1	0
       20	2023-01-18 07:19:30	1	0	1	0
        9	2023-01-18 16:49:34	1	0	1	0
       13	2023-01-18 16:49:41	1	1	1	0
        6	2023-01-18 16:49:52	1	1	1	0
       20	2023-01-18 16:49:57	1	1	1	0
       21	2023-01-18 16:50:02	1	1	1	0
        4	2023-01-18 16:50:11	1	1	1	0
        4	2023-01-19 07:00:35	1	0	1	0
        4	2023-01-19 07:00:38	1	0	1	0
        6	2023-01-19 07:18:17	1	0	1	0
       21	2023-01-19 07:18:24	1	0	1	0
       13	2023-01-19 07:19:48	1	0	1	0
       20	2023-01-19 07:27:53	1	0	1	0
        6	2023-01-19 17:32:30	1	1	1	0
       21	2023-01-19 17:32:36	1	1	1	0
       13	2023-01-19 17:32:41	1	1	1	0
       20	2023-01-19 17:32:50	1	1	1	0
        3	2023-01-19 17:33:34	1	1	1	0
        4	2023-01-19 17:33:40	1	1	1	0
       20	2023-01-20 07:01:37	1	0	1	0
        4	2023-01-20 07:11:30	1	0	1	0
        6	2023-01-20 07:16:14	1	0	1	0
       21	2023-01-20 07:16:18	1	0	1	0
        9	2023-01-20 09:50:31	1	0	1	0
        6	2023-01-20 17:37:19	1	1	1	0
        4	2023-01-20 18:00:50	1	1	1	0
       20	2023-01-20 18:00:55	1	1	1	0
        9	2023-01-20 18:00:58	1	1	1	0
       21	2023-01-20 18:01:02	1	1	1	0
        3	2023-01-20 18:01:27	1	1	1	0
        3	2023-01-20 18:01:30	1	1	1	0
        3	2023-01-20 18:01:33	1	1	1	0
       20	2023-01-21 07:00:39	1	0	1	0
       13	2023-01-21 07:11:17	1	0	1	0
        9	2023-01-21 07:11:52	1	0	1	0
        6	2023-01-21 07:16:47	1	0	1	0
       21	2023-01-21 07:16:53	1	0	1	0
        9	2023-01-21 17:32:02	1	0	1	0
        6	2023-01-21 17:32:08	1	0	1	0
        6	2023-01-21 17:32:14	1	1	1	0
       13	2023-01-21 17:32:18	1	1	1	0
       20	2023-01-21 17:32:23	1	1	1	0
       21	2023-01-21 17:32:27	1	1	1	0
        9	2023-01-22 07:04:25	1	0	1	0
        9	2023-01-22 07:04:28	1	0	1	0
        6	2023-01-22 07:04:51	1	0	1	0
       21	2023-01-22 07:04:56	1	0	1	0
       13	2023-01-22 07:11:27	1	0	1	0
        9	2023-01-22 17:18:16	1	0	1	0
       13	2023-01-22 17:18:29	1	1	1	0
       21	2023-01-22 17:19:02	1	0	1	0
        6	2023-01-22 17:19:08	1	1	1	0
        4	2023-01-23 06:56:23	1	0	1	0
        6	2023-01-23 07:18:05	1	0	1	0
       21	2023-01-23 07:18:10	1	0	1	0
       20	2023-01-23 07:25:26	1	0	1	0
       20	2023-01-23 17:41:30	1	1	1	0
        6	2023-01-23 17:41:47	1	1	1	0
       21	2023-01-23 17:41:52	1	1	1	0
        4	2023-01-23 17:51:09	1	1	1	0
        3	2023-01-23 17:51:26	1	1	1	0
        4	2023-01-24 07:09:44	1	0	1	0
       13	2023-01-24 07:11:14	1	0	1	0
        9	2023-01-24 07:12:30	1	0	1	0
       20	2023-01-24 07:15:32	1	0	1	0
        9	2023-01-24 17:22:40	1	0	1	0
       13	2023-01-24 17:34:41	1	1	1	0
        4	2023-01-24 17:34:58	1	1	1	0
       20	2023-01-24 17:35:05	1	1	1	0
        3	2023-01-24 17:35:17	1	1	1	0
        4	2023-01-25 07:00:47	1	0	1	0
       20	2023-01-25 07:12:21	1	0	1	0
       13	2023-01-25 07:13:19	1	0	1	0
       21	2023-01-25 07:17:59	1	0	1	0
        6	2023-01-25 07:18:05	1	0	1	0
       13	2023-01-25 17:15:31	1	1	1	0
        6	2023-01-25 17:15:34	1	1	1	0
       21	2023-01-25 17:15:39	1	1	1	0
        4	2023-01-25 17:20:03	1	1	1	0
       20	2023-01-25 17:23:17	1	1	1	0
       13	2023-01-26 07:11:29	1	0	1	0
       20	2023-01-26 07:14:10	1	0	1	0
        6	2023-01-26 07:15:16	1	0	1	0
       21	2023-01-26 07:15:21	1	0	1	0
       13	2023-01-26 17:09:46	1	1	1	0
        6	2023-01-26 17:09:49	1	1	1	0
       21	2023-01-26 17:10:29	1	1	1	0
        3	2023-01-26 17:11:14	1	1	1	0
       20	2023-01-26 17:11:24	1	1	1	0
       20	2023-01-27 07:04:52	1	0	1	0
        4	2023-01-27 07:07:48	1	0	1	0
       13	2023-01-27 07:16:47	1	0	1	0
        6	2023-01-27 07:18:04	1	0	1	0
       21	2023-01-27 07:18:12	1	0	1	0
        6	2023-01-27 17:38:35	1	1	1	0
       13	2023-01-27 17:39:27	1	1	1	0
       21	2023-01-27 17:39:32	1	1	1	0
        4	2023-01-27 17:46:07	1	1	1	0
       20	2023-01-27 17:46:09	1	1	1	0
        3	2023-01-27 17:46:13	1	1	1	0
       20	2023-01-28 06:59:56	1	0	1	0
        4	2023-01-28 07:03:03	1	0	1	0
        6	2023-01-28 07:16:40	1	0	1	0
       21	2023-01-28 07:16:53	1	0	1	0
        4	2023-01-28 17:09:43	1	1	1	0
       20	2023-01-28 17:09:50	1	1	1	0
       21	2023-01-28 17:10:18	1	0	1	0
       21	2023-01-28 17:10:23	1	1	1	0
        6	2023-01-28 17:10:33	1	1	1	0
        3	2023-01-28 17:10:40	1	1	1	0
        6	2023-01-29 07:19:38	1	0	1	0
       21	2023-01-29 07:19:44	1	0	1	0
       13	2023-01-29 07:21:14	1	0	1	0
        4	2023-01-29 08:58:15	1	0	1	0
        6	2023-01-29 17:21:51	1	1	1	0
       21	2023-01-29 17:22:17	1	1	1	0
       13	2023-01-29 17:22:25	1	1	1	0
        3	2023-01-29 17:23:48	1	1	1	0
        4	2023-01-29 17:23:53	1	1	1	0
        6	2023-01-30 06:57:54	1	4	1	0
       21	2023-01-30 06:59:21	1	0	1	0
        4	2023-01-30 07:10:45	1	0	1	0
       20	2023-01-30 07:10:53	1	0	1	0
       13	2023-01-30 07:17:02	1	0	1	0
       13	2023-01-30 17:41:56	1	1	1	0
        4	2023-01-30 17:42:06	1	0	1	0
        6	2023-01-30 17:42:16	1	1	1	0
       21	2023-01-30 17:42:20	1	1	1	0
       20	2023-01-30 17:42:48	1	1	1	0
       20	2023-01-31 07:06:16	1	0	1	0
       13	2023-01-31 07:13:30	1	0	1	0
       21	2023-01-31 07:16:37	1	0	1	0
        4	2023-01-31 07:20:06	1	0	1	0
       13	2023-01-31 17:28:19	1	1	1	0
       21	2023-01-31 17:28:27	1	1	1	0
       13	2023-01-31 17:29:05	1	1	1	0
        4	2023-01-31 17:30:42	1	1	1	0
       20	2023-01-31 17:30:50	1	1	1	0
        6	2023-02-01 07:11:15	1	0	1	0
       13	2023-02-01 07:19:16	1	0	1	0
       20	2023-02-01 07:19:22	1	0	1	0
        4	2023-02-01 07:22:38	1	0	1	0
       20	2023-02-01 17:15:07	1	1	1	0
        4	2023-02-01 17:15:11	1	1	1	0
        6	2023-02-01 17:15:32	1	1	1	0
       13	2023-02-01 17:15:35	1	1	1	0
        3	2023-02-01 17:15:40	1	1	1	0
       20	2023-02-02 07:09:30	1	0	1	0
       13	2023-02-02 07:09:52	1	0	1	0
        6	2023-02-02 07:11:31	1	0	1	0
       21	2023-02-02 07:11:37	1	0	1	0
        4	2023-02-02 07:13:32	1	0	1	0
        6	2023-02-02 17:48:51	1	1	1	0
       13	2023-02-02 17:49:11	1	1	1	0
       21	2023-02-02 17:49:46	1	1	1	0
        4	2023-02-02 17:50:02	1	1	1	0
       20	2023-02-02 17:50:06	1	1	1	0
        4	2023-02-03 07:13:04	1	0	1	0
        6	2023-02-03 07:13:47	1	0	1	0
       21	2023-02-03 07:13:52	1	0	1	0
       13	2023-02-03 07:17:10	1	0	1	0
       13	2023-02-03 18:38:07	1	1	1	0
       21	2023-02-03 18:38:42	1	1	1	0
        3	2023-02-03 19:00:56	1	1	1	0
        4	2023-02-03 19:01:00	1	1	1	0
        6	2023-02-04 06:58:56	1	4	1	0
       21	2023-02-04 07:00:07	1	0	1	0
       20	2023-02-04 07:01:51	1	0	1	0
       13	2023-02-04 07:07:46	1	0	1	0
       13	2023-02-04 17:17:22	1	1	1	0
        6	2023-02-04 17:18:01	1	1	1	0
       21	2023-02-04 17:18:24	1	1	1	0
       20	2023-02-04 17:20:41	1	1	1	0
        3	2023-02-04 17:21:40	1	1	1	0
        6	2023-02-05 07:12:23	1	0	1	0
       21	2023-02-05 07:12:27	1	0	1	0
       20	2023-02-05 07:14:59	1	0	1	0
        4	2023-02-05 07:39:20	1	0	1	0
        6	2023-02-05 17:35:31	1	1	1	0
       21	2023-02-05 17:35:50	1	1	1	0
        3	2023-02-05 17:36:16	1	1	1	0
        4	2023-02-05 17:36:20	1	1	1	0
       20	2023-02-05 17:36:24	1	1	1	0
       21	2023-02-06 07:02:31	1	0	1	0
        6	2023-02-06 07:10:07	1	0	1	0
       13	2023-02-06 07:16:56	1	0	1	0
       13	2023-02-06 17:43:01	1	1	1	0
        6	2023-02-06 17:43:05	1	1	1	0
       21	2023-02-06 17:43:42	1	1	1	0
        3	2023-02-06 17:43:47	1	1	1	0
        4	2023-02-07 06:56:04	1	0	1	0
       21	2023-02-07 07:02:37	1	0	1	0
       20	2023-02-07 07:08:33	1	0	1	0
       13	2023-02-07 07:13:45	1	0	1	0
       13	2023-02-07 17:19:24	1	1	1	0
       21	2023-02-07 17:19:29	1	1	1	0
        3	2023-02-07 17:32:20	1	1	1	0
        4	2023-02-07 17:33:10	1	1	1	0
       20	2023-02-07 17:34:28	1	1	1	0
       13	2023-02-08 07:19:16	1	0	1	0
        4	2023-02-08 07:19:37	1	0	1	0
        6	2023-02-08 07:23:55	1	0	1	0
       20	2023-02-08 08:15:50	1	0	1	0
       13	2023-02-08 16:56:31	1	1	1	0
       20	2023-02-08 17:04:45	1	1	1	0
        4	2023-02-08 17:04:51	1	1	1	0
        3	2023-02-08 17:05:43	1	1	1	0
       20	2023-02-09 07:06:42	1	0	1	0
        6	2023-02-09 07:10:48	1	0	1	0
       21	2023-02-09 07:11:58	1	0	1	0
       13	2023-02-09 07:22:01	1	0	1	0
        4	2023-02-09 07:27:05	1	0	1	0
        6	2023-02-09 18:07:38	1	1	1	0
       21	2023-02-09 18:18:28	1	1	1	0
       13	2023-02-09 18:18:35	1	1	1	0
       20	2023-02-09 18:18:57	1	1	1	0
        4	2023-02-09 18:19:08	1	1	1	0
        6	2023-02-10 07:06:12	1	0	1	0
       21	2023-02-10 07:06:31	1	0	1	0
       20	2023-02-10 07:16:27	1	0	1	0
        4	2023-02-10 07:16:33	1	0	1	0
       13	2023-02-10 07:21:07	1	0	1	0
       21	2023-02-10 18:34:49	1	1	1	0
        6	2023-02-10 18:42:36	1	1	1	0
       13	2023-02-10 18:42:41	1	1	1	0
       20	2023-02-10 18:42:58	1	1	1	0
        4	2023-02-10 18:44:22	1	1	1	0
        3	2023-02-10 18:44:30	1	1	1	0
        3	2023-02-10 18:45:41	1	1	1	0
       21	2023-02-11 07:11:53	1	0	1	0
        4	2023-02-11 07:17:18	1	0	1	0
       13	2023-02-11 07:25:16	1	0	1	0
       20	2023-02-11 07:59:56	1	0	1	0
        6	2023-02-11 08:23:52	1	0	1	0
        6	2023-02-11 17:43:53	1	1	1	0
       13	2023-02-11 17:54:03	1	1	1	0
        3	2023-02-11 17:54:16	1	1	1	0
       21	2023-02-11 17:54:21	1	1	1	0
       20	2023-02-11 17:54:24	1	1	1	0
        4	2023-02-11 17:54:46	1	1	1	0
        4	2023-02-11 17:55:01	1	1	1	0
       20	2023-02-12 07:05:30	1	0	1	0
       21	2023-02-12 07:10:57	1	0	1	0
        4	2023-02-12 07:16:17	1	0	1	0
        6	2023-02-12 07:32:24	1	0	1	0
        6	2023-02-12 18:13:05	1	1	1	0
       21	2023-02-12 18:13:09	1	1	1	0
        4	2023-02-12 18:13:23	1	1	1	0
       20	2023-02-12 18:13:27	1	1	1	0
        3	2023-02-12 18:13:42	1	1	1	0
       21	2023-02-13 06:59:32	1	0	1	0
       20	2023-02-13 07:11:51	1	0	1	0
        6	2023-02-13 07:13:24	1	0	1	0
        4	2023-02-13 07:15:51	1	0	1	0
       13	2023-02-13 07:16:32	1	0	1	0
        6	2023-02-13 18:28:21	1	1	1	0
       13	2023-02-13 18:28:28	1	1	1	0
        4	2023-02-13 18:28:32	1	1	1	0
        3	2023-02-13 18:28:44	1	1	1	0
       20	2023-02-13 18:28:49	1	1	1	0
       21	2023-02-13 18:28:55	1	1	1	0
        6	2023-02-14 07:07:41	1	0	1	0
        4	2023-02-14 07:08:20	1	0	1	0
       21	2023-02-14 07:08:59	1	0	1	0
       13	2023-02-14 07:19:18	1	0	1	0
        3	2023-02-14 07:20:13	1	0	1	0
        6	2023-02-14 17:46:26	1	1	1	0
       13	2023-02-14 17:46:48	1	1	1	0
       13	2023-02-14 17:47:02	1	0	1	0
       21	2023-02-14 17:47:09	1	0	1	0
       21	2023-02-14 17:47:15	1	1	1	0
        3	2023-02-14 17:48:02	1	1	1	0
        4	2023-02-14 17:48:41	1	1	1	0
        6	2023-02-15 07:11:26	1	0	1	0
       21	2023-02-15 07:11:30	1	0	1	0
        3	2023-02-15 07:20:13	1	0	1	0
       20	2023-02-15 07:20:54	1	0	1	0
        4	2023-02-15 07:28:28	1	0	1	0
        6	2023-02-15 18:28:31	1	1	1	0
        3	2023-02-15 18:28:49	1	1	1	0
        4	2023-02-15 18:28:52	1	1	1	0
       20	2023-02-15 18:28:58	1	1	1	0
       21	2023-02-15 18:29:01	1	1	1	0
        6	2023-02-16 07:16:43	1	0	1	0
       20	2023-02-16 07:17:51	1	0	1	0
       13	2023-02-16 07:17:57	1	0	1	0
        4	2023-02-16 07:24:12	1	0	1	0
        3	2023-02-16 07:29:53	1	0	1	0
       13	2023-02-16 18:41:13	1	1	1	0
       20	2023-02-16 18:41:19	1	1	1	0
        3	2023-02-16 18:41:21	1	1	1	0
        6	2023-02-16 18:41:27	1	1	1	0
        4	2023-02-16 18:41:32	1	1	1	0
        4	2023-02-17 07:14:29	1	0	1	0
       21	2023-02-17 07:14:34	1	0	1	0
       13	2023-02-17 07:20:06	1	0	1	0
       20	2023-02-17 07:32:53	1	0	1	0
        6	2023-02-17 07:40:30	1	0	1	0
       13	2023-02-17 17:47:35	1	1	1	0
        4	2023-02-17 17:47:39	1	1	1	0
       21	2023-02-17 17:47:58	1	1	1	0
       20	2023-02-17 17:48:04	1	1	1	0
        6	2023-02-17 17:48:18	1	1	1	0
       21	2023-02-18 07:08:49	1	0	1	0
       13	2023-02-18 07:14:04	1	0	1	0
        4	2023-02-18 07:14:52	1	0	1	0
       20	2023-02-18 07:15:22	1	0	1	0
       13	2023-02-18 17:49:25	1	1	1	0
       21	2023-02-18 17:50:33	1	1	1	0
        4	2023-02-18 17:52:24	1	1	1	0
        3	2023-02-18 17:52:32	1	1	1	0
       20	2023-02-18 17:52:39	1	1	1	0
        3	2023-02-19 07:13:17	1	0	1	0
        6	2023-02-19 07:15:33	1	0	1	0
       21	2023-02-19 07:15:49	1	0	1	0
       13	2023-02-19 07:21:26	1	0	1	0
       20	2023-02-19 07:26:57	1	0	1	0
        6	2023-02-19 17:40:30	1	1	1	0
       13	2023-02-19 17:40:36	1	1	1	0
       21	2023-02-19 17:40:42	1	1	1	0
       20	2023-02-19 17:44:06	1	1	1	0
        3	2023-02-19 17:44:45	1	1	1	0
       21	2023-02-20 07:06:14	1	0	1	0
        6	2023-02-20 07:09:43	1	0	1	0
        4	2023-02-20 07:10:33	1	0	1	0
        3	2023-02-20 07:27:26	1	0	1	0
       20	2023-02-20 07:29:30	1	0	1	0
       21	2023-02-20 18:04:57	1	1	1	0
        6	2023-02-20 18:05:09	1	1	1	0
        3	2023-02-20 18:05:14	1	1	1	0
        4	2023-02-20 18:05:51	1	1	1	0
        3	2023-02-20 18:05:56	1	1	1	0
       20	2023-02-20 18:06:07	1	1	1	0
        6	2023-02-21 07:04:29	1	0	1	0
       21	2023-02-21 07:04:33	1	0	1	0
       13	2023-02-21 07:12:23	1	0	1	0
        4	2023-02-21 07:12:59	1	0	1	0
        3	2023-02-21 07:25:57	1	0	1	0
        3	2023-02-21 07:25:59	1	0	1	0
        4	2023-02-21 17:27:41	1	1	1	0
        3	2023-02-21 17:27:48	1	1	1	0
        6	2023-02-21 17:27:52	1	1	1	0
       13	2023-02-21 17:27:57	1	1	1	0
       21	2023-02-21 17:28:18	1	1	1	0
        3	2023-02-21 17:28:20	1	1	1	0
       21	2023-02-22 07:04:09	1	0	1	0
       20	2023-02-22 07:09:02	1	0	1	0
        4	2023-02-22 07:10:11	1	0	1	0
        6	2023-02-22 07:12:45	1	0	1	0
       13	2023-02-22 07:24:26	1	0	1	0
        3	2023-02-22 07:29:03	1	0	1	0
       13	2023-02-22 17:59:27	1	1	1	0
        4	2023-02-22 17:59:30	1	1	1	0
        6	2023-02-22 17:59:34	1	1	1	0
       20	2023-02-22 17:59:39	1	1	1	0
       21	2023-02-22 17:59:42	1	1	1	0
        3	2023-02-22 17:59:47	1	1	1	0
       13	2023-02-23 07:22:11	1	0	1	0
        3	2023-02-23 07:23:31	1	0	1	0
        4	2023-02-23 07:25:58	1	0	1	0
       20	2023-02-23 07:26:59	1	0	1	0
        6	2023-02-23 17:33:17	1	1	1	0
       20	2023-02-23 17:33:21	1	1	1	0
        3	2023-02-23 17:33:29	1	1	1	0
       13	2023-02-23 17:33:32	1	1	1	0
        4	2023-02-23 17:33:45	1	1	1	0
       21	2023-02-24 07:08:00	1	0	1	0
        6	2023-02-24 07:19:35	1	0	1	0
       20	2023-02-24 07:35:24	1	0	1	0
       13	2023-02-24 07:36:05	1	0	1	0
        4	2023-02-24 07:40:32	1	0	1	0
        6	2023-02-24 18:14:50	1	1	1	0
       13	2023-02-24 18:14:57	1	1	1	0
       21	2023-02-24 18:15:02	1	1	1	0
       20	2023-02-24 18:15:05	1	1	1	0
        4	2023-02-24 18:15:25	1	1	1	0
       21	2023-02-25 07:10:32	1	0	1	0
        4	2023-02-25 07:26:36	1	0	1	0
        3	2023-02-25 07:32:30	1	0	1	0
        4	2023-02-25 07:32:45	1	0	1	0
       13	2023-02-25 07:36:40	1	0	1	0
       13	2023-02-25 18:42:45	1	1	1	0
        4	2023-02-25 18:42:51	1	1	1	0
       21	2023-02-25 18:43:19	1	1	1	0
        3	2023-02-25 18:43:30	1	1	1	0
        6	2023-02-26 07:13:26	1	0	1	0
       21	2023-02-26 07:13:40	1	0	1	0
       13	2023-02-26 07:21:16	1	0	1	0
        3	2023-02-26 07:27:25	1	0	1	0
       20	2023-02-26 07:29:14	1	0	1	0
        3	2023-02-26 15:17:45	1	1	1	0
       13	2023-02-26 15:18:04	1	1	1	0
        6	2023-02-26 15:18:14	1	1	1	0
       21	2023-02-26 15:18:18	1	1	1	0
       20	2023-02-26 15:18:22	1	1	1	0
       21	2023-02-27 07:09:41	1	0	1	0
       20	2023-02-27 07:09:46	1	0	1	0
        3	2023-02-27 07:19:08	1	0	1	0
        6	2023-02-27 08:41:16	1	0	1	0
        6	2023-02-27 17:23:25	1	1	1	0
       21	2023-02-27 17:23:31	1	1	1	0
       20	2023-02-27 17:24:19	1	1	1	0
        3	2023-02-27 17:24:21	1	1	1	0
        6	2023-02-28 07:03:53	1	0	1	0
        4	2023-02-28 07:06:21	1	0	1	0
       21	2023-02-28 07:08:58	1	0	1	0
       13	2023-02-28 07:17:17	1	0	1	0
        3	2023-02-28 07:21:35	1	0	1	0
       20	2023-02-28 07:23:28	1	0	1	0
        6	2023-02-28 18:01:08	1	1	1	0
       21	2023-02-28 18:01:20	1	1	1	0
       13	2023-02-28 18:01:32	1	1	1	0
        3	2023-02-28 18:01:49	1	1	1	0
        4	2023-02-28 18:01:54	1	1	1	0
       20	2023-02-28 18:02:34	1	1	1	0
        6	2023-03-01 06:57:01	1	0	1	0
       21	2023-03-01 07:08:22	1	0	1	0
        3	2023-03-01 07:16:14	1	0	1	0
        3	2023-03-01 07:16:17	1	0	1	0
       13	2023-03-01 07:16:22	1	0	1	0
        4	2023-03-01 07:21:47	1	0	1	0
       13	2023-03-01 17:57:25	1	1	1	0
       21	2023-03-01 17:57:31	1	1	1	0
        3	2023-03-01 17:57:43	1	1	1	0
        6	2023-03-01 17:57:46	1	1	1	0
        4	2023-03-01 17:58:02	1	1	1	0
        6	2023-03-02 07:15:38	1	0	1	0
       20	2023-03-02 07:15:52	1	0	1	0
       21	2023-03-02 07:16:06	1	0	1	0
       13	2023-03-02 07:21:24	1	0	1	0
        3	2023-03-02 07:24:55	1	0	1	0
        4	2023-03-02 07:32:50	1	0	1	0
        6	2023-03-02 17:46:00	1	1	1	0
       21	2023-03-02 17:47:00	1	1	1	0
       13	2023-03-02 17:47:09	1	1	1	0
        3	2023-03-02 17:47:12	1	1	1	0
       20	2023-03-02 17:47:28	1	1	1	0
        4	2023-03-02 17:47:52	1	0	1	0
        6	2023-03-03 07:14:46	1	0	1	0
       13	2023-03-03 07:18:22	1	0	1	0
        3	2023-03-03 07:18:26	1	0	1	0
       20	2023-03-03 07:23:19	1	0	1	0
        4	2023-03-03 07:27:20	1	0	1	0
        6	2023-03-03 17:51:57	1	1	1	0
       13	2023-03-03 17:52:09	1	1	1	0
       13	2023-03-03 17:53:45	1	1	1	0
       20	2023-03-03 17:55:26	1	1	1	0
        4	2023-03-03 17:58:35	1	1	1	0
        3	2023-03-03 17:58:39	1	1	1	0
       21	2023-03-04 07:05:40	1	0	1	0
       13	2023-03-04 07:10:16	1	0	1	0
        6	2023-03-04 07:15:56	1	0	1	0
       20	2023-03-04 07:21:49	1	0	1	0
       13	2023-03-04 17:27:18	1	1	1	0
        6	2023-03-04 17:27:26	1	1	1	0
       21	2023-03-04 17:27:33	1	1	1	0
       20	2023-03-04 17:29:07	1	1	1	0
       21	2023-03-05 07:02:06	1	0	1	0
       20	2023-03-05 07:04:02	1	0	1	0
        4	2023-03-05 07:06:09	1	0	1	0
        3	2023-03-05 07:09:22	1	0	1	0
       13	2023-03-05 07:21:46	1	0	1	0
        4	2023-03-05 13:07:54	1	1	1	0
       20	2023-03-05 18:07:52	1	1	1	0
       13	2023-03-05 18:10:16	1	1	1	0
       21	2023-03-05 18:10:32	1	1	1	0
        3	2023-03-05 18:10:40	1	1	1	0
       20	2023-03-06 06:47:13	1	0	1	0
       21	2023-03-06 07:02:15	1	0	1	0
        4	2023-03-06 07:15:52	1	0	1	0
       13	2023-03-06 07:16:14	1	0	1	0
        3	2023-03-06 07:22:02	1	0	1	0
        6	2023-03-06 07:22:17	1	0	1	0
        6	2023-03-06 17:19:03	1	1	1	0
       13	2023-03-06 17:19:28	1	1	1	0
       21	2023-03-06 17:19:35	1	1	1	0
        3	2023-03-06 17:19:54	1	1	1	0
       20	2023-03-06 17:20:02	1	1	1	0
        4	2023-03-06 17:20:09	1	1	1	0
        4	2023-03-06 17:21:11	1	0	1	0
       20	2023-03-07 07:13:17	1	0	1	0
        4	2023-03-07 07:16:09	1	0	1	0
       21	2023-03-07 07:17:56	1	0	1	0
        6	2023-03-07 07:18:45	1	0	1	0
        3	2023-03-07 07:20:31	1	0	1	0
        3	2023-03-07 17:37:07	1	1	1	0
        6	2023-03-07 17:37:11	1	1	1	0
       21	2023-03-07 17:37:16	1	1	1	0
       20	2023-03-07 17:37:25	1	1	1	0
        4	2023-03-07 17:37:30	1	1	1	0
       21	2023-03-08 07:05:41	1	0	1	0
        4	2023-03-08 07:10:43	1	0	1	0
        3	2023-03-08 07:15:41	1	0	1	0
       13	2023-03-08 07:19:49	1	0	1	0
       13	2023-03-08 17:26:57	1	1	1	0
        3	2023-03-08 17:27:48	1	1	1	0
       21	2023-03-08 17:28:04	1	1	1	0
       13	2023-03-08 17:28:13	1	1	1	0
        4	2023-03-08 17:28:25	1	1	1	0
       21	2023-03-09 07:07:51	1	0	1	0
        3	2023-03-09 07:17:34	1	0	1	0
       20	2023-03-09 07:18:02	1	0	1	0
       13	2023-03-09 07:19:15	1	0	1	0
       13	2023-03-09 17:26:05	1	1	1	0
       21	2023-03-09 17:29:14	1	1	1	0
        3	2023-03-09 17:29:22	1	1	1	0
       20	2023-03-09 17:29:30	1	1	1	0
        3	2023-03-10 07:12:57	1	0	1	0
       20	2023-03-10 07:13:28	1	0	1	0
        6	2023-03-10 07:15:40	1	0	1	0
       13	2023-03-10 07:16:30	1	0	1	0
        4	2023-03-10 07:58:10	1	0	1	0
       13	2023-03-10 18:21:30	1	1	1	0
        4	2023-03-10 18:21:42	1	1	1	0
        3	2023-03-10 18:21:44	1	1	1	0
       20	2023-03-10 18:21:48	1	1	1	0
        4	2023-03-11 06:59:08	1	0	1	0
        4	2023-03-11 06:59:11	1	0	1	0
       13	2023-03-11 07:10:09	1	0	1	0
        6	2023-03-11 07:13:38	1	0	1	0
       21	2023-03-11 07:13:54	1	0	1	0
       20	2023-03-11 07:17:19	1	0	1	0
       21	2023-03-11 17:34:47	1	1	1	0
       13	2023-03-11 17:34:54	1	1	1	0
        6	2023-03-11 17:34:57	1	1	1	0
       13	2023-03-11 17:35:02	1	1	1	0
       20	2023-03-11 17:35:53	1	0	1	0
        4	2023-03-12 07:04:29	1	0	1	0
        4	2023-03-12 07:04:32	1	0	1	0
       20	2023-03-12 07:05:46	1	0	1	0
       13	2023-03-12 07:08:40	1	0	1	0
        6	2023-03-12 07:09:31	1	0	1	0
       21	2023-03-12 07:09:51	1	0	1	0
        3	2023-03-12 07:14:22	1	0	1	0
        6	2023-03-12 17:30:34	1	0	1	0
       13	2023-03-12 17:40:02	1	1	1	0
       21	2023-03-12 17:40:33	1	1	1	0
       20	2023-03-12 17:53:47	1	1	1	0
        3	2023-03-12 17:53:54	1	1	1	0
        4	2023-03-12 17:54:04	1	1	1	0
       21	2023-03-13 07:06:43	1	0	1	0
        3	2023-03-13 07:16:35	1	0	1	0
        4	2023-03-13 07:27:20	1	0	1	0
       20	2023-03-13 07:27:27	1	0	1	0
        3	2023-03-13 18:04:14	1	1	1	0
       21	2023-03-13 18:04:26	1	1	1	0
       20	2023-03-13 18:04:35	1	1	1	0
        4	2023-03-13 18:04:46	1	1	1	0
        6	2023-03-14 07:06:36	1	0	1	0
       21	2023-03-14 07:06:41	1	0	1	0
       13	2023-03-14 07:10:06	1	0	1	0
        3	2023-03-14 07:13:58	1	0	1	0
       20	2023-03-14 07:26:48	1	0	1	0
        6	2023-03-14 17:28:24	1	1	1	0
       21	2023-03-14 17:28:54	1	1	1	0
       13	2023-03-14 17:30:02	1	1	1	0
       21	2023-03-14 17:30:26	1	1	1	0
        3	2023-03-14 17:30:50	1	1	1	0
        3	2023-03-14 17:32:00	1	1	1	0
       20	2023-03-14 17:32:10	1	1	1	0
        6	2023-03-15 07:08:54	1	0	1	0
       20	2023-03-15 07:08:58	1	0	1	0
        4	2023-03-15 07:09:03	1	0	1	0
       21	2023-03-15 07:09:10	1	0	1	0
       13	2023-03-15 07:10:55	1	0	1	0
        3	2023-03-15 07:17:28	1	0	1	0
        6	2023-03-15 17:33:39	1	0	1	0
       13	2023-03-15 17:33:45	1	1	1	0
       13	2023-03-15 17:34:02	1	1	1	0
       21	2023-03-15 17:35:24	1	1	1	0
        3	2023-03-15 17:35:31	1	1	1	0
       20	2023-03-15 17:35:37	1	1	1	0
        4	2023-03-15 17:35:45	1	1	1	0
        4	2023-03-16 06:54:38	1	0	1	0
        4	2023-03-16 06:54:40	1	0	1	0
        6	2023-03-16 07:10:45	1	0	1	0
       21	2023-03-16 07:10:51	1	0	1	0
        3	2023-03-16 07:14:06	1	0	1	0
       13	2023-03-16 07:16:57	1	0	1	0
        6	2023-03-16 17:20:30	1	1	1	0
       13	2023-03-16 17:20:35	1	1	1	0
        3	2023-03-16 17:20:41	1	1	1	0
       21	2023-03-16 17:20:46	1	1	1	0
        4	2023-03-16 17:21:18	1	0	1	0
       20	2023-03-17 06:55:34	1	0	1	0
        6	2023-03-17 07:07:19	1	0	1	0
       21	2023-03-17 07:07:31	1	0	1	0
        4	2023-03-17 07:09:32	1	0	1	0
        3	2023-03-17 07:12:29	1	0	1	0
        6	2023-03-17 17:12:58	1	1	1	0
       21	2023-03-17 17:13:22	1	1	1	0
        4	2023-03-17 17:21:07	1	1	1	0
        3	2023-03-17 17:21:21	1	1	1	0
       20	2023-03-17 17:21:27	1	1	1	0
        3	2023-03-17 17:21:54	1	1	1	0
        6	2023-03-18 07:11:51	1	0	1	0
        3	2023-03-18 07:13:12	1	0	1	0
       13	2023-03-18 07:16:12	1	0	1	0
        4	2023-03-18 07:20:32	1	0	1	0
       13	2023-03-18 17:37:16	1	1	1	0
        6	2023-03-18 17:37:19	1	1	1	0
        4	2023-03-18 17:37:25	1	1	1	0
        3	2023-03-18 17:37:38	1	1	1	0
        6	2023-03-19 07:08:55	1	0	1	0
       21	2023-03-19 07:08:59	1	0	1	0
       20	2023-03-19 07:12:38	1	0	1	0
        4	2023-03-19 07:14:47	1	0	1	0
       13	2023-03-19 07:18:45	1	0	1	0
       13	2023-03-19 17:42:41	1	1	1	0
        6	2023-03-19 17:43:23	1	1	1	0
       21	2023-03-19 17:43:56	1	0	1	0
       21	2023-03-19 17:44:01	1	1	1	0
       20	2023-03-19 17:44:22	1	1	1	0
        4	2023-03-19 17:44:26	1	1	1	0
        4	2023-03-20 06:59:32	1	0	1	0
        4	2023-03-20 06:59:35	1	0	1	0
       21	2023-03-20 07:06:35	1	0	1	0
       20	2023-03-20 07:07:32	1	0	1	0
       13	2023-03-20 07:12:35	1	0	1	0
        3	2023-03-20 07:19:43	1	0	1	0
       21	2023-03-20 17:25:43	1	1	1	0
       13	2023-03-20 17:25:46	1	1	1	0
        4	2023-03-20 17:26:12	1	1	1	0
       20	2023-03-20 17:26:19	1	1	1	0
        6	2023-03-21 07:10:41	1	0	1	0
       21	2023-03-21 07:10:47	1	0	1	0
       13	2023-03-21 07:12:00	1	0	1	0
       20	2023-03-21 07:13:45	1	0	1	0
       13	2023-03-21 18:13:08	1	1	1	0
        6	2023-03-21 18:13:18	1	1	1	0
       21	2023-03-21 18:13:23	1	1	1	0
       20	2023-03-21 18:13:27	1	1	1	0
        6	2023-03-23 07:09:19	1	0	1	0
       21	2023-03-23 07:09:24	1	0	1	0
       13	2023-03-23 07:21:51	1	0	1	0
       20	2023-03-23 07:26:00	1	0	1	0
        4	2023-03-23 10:56:00	1	0	1	0
       13	2023-03-23 17:15:42	1	1	1	0
       21	2023-03-23 17:15:48	1	1	1	0
        6	2023-03-23 17:15:51	1	1	1	0
       20	2023-03-23 17:16:55	1	1	1	0
        6	2023-03-24 07:06:20	1	0	1	0
       21	2023-03-24 07:06:24	1	0	1	0
        4	2023-03-24 07:10:11	1	0	1	0
       20	2023-03-24 07:41:35	1	0	1	0
        6	2023-03-24 17:08:03	1	1	1	0
       21	2023-03-24 17:08:09	1	1	1	0
        4	2023-03-24 17:09:17	1	1	1	0
       20	2023-03-24 17:09:32	1	1	1	0
       13	2023-03-25 07:05:28	1	0	1	0
        4	2023-03-25 07:06:14	1	0	1	0
       20	2023-03-25 07:35:36	1	0	1	0
        6	2023-03-25 07:42:56	1	0	1	0
        6	2023-03-25 17:12:35	1	1	1	0
       13	2023-03-25 17:12:40	1	1	1	0
        6	2023-03-26 07:08:25	1	0	1	0
       21	2023-03-26 07:08:43	1	0	1	0
       13	2023-03-26 07:21:33	1	0	1	0
        4	2023-03-26 07:26:38	1	0	1	0
       20	2023-03-26 07:34:08	1	0	1	0
       13	2023-03-26 17:20:31	1	1	1	0
        6	2023-03-26 17:20:43	1	1	1	0
       21	2023-03-26 17:21:13	1	1	1	0
        4	2023-03-26 17:23:44	1	1	1	0
        4	2023-03-27 07:04:28	1	0	1	0
        4	2023-03-27 07:04:31	1	0	1	0
        6	2023-03-27 07:08:27	1	0	1	0
       21	2023-03-27 07:08:32	1	0	1	0
       13	2023-03-27 07:10:40	1	0	1	0
       20	2023-03-27 07:18:51	1	0	1	0
        6	2023-03-27 17:14:41	1	1	1	0
       21	2023-03-27 17:14:48	1	1	1	0
       13	2023-03-27 17:15:02	1	1	1	0
       20	2023-03-27 17:15:29	1	1	1	0
        4	2023-03-27 17:15:33	1	1	1	0
       21	2023-03-28 07:07:20	1	0	1	0
       13	2023-03-28 07:09:47	1	0	1	0
        4	2023-03-28 07:14:31	1	0	1	0
       20	2023-03-28 07:33:51	1	0	1	0
       13	2023-03-28 17:24:38	1	1	1	0
       20	2023-03-28 17:24:43	1	1	1	0
        4	2023-03-28 17:25:51	1	1	1	0
       21	2023-03-28 17:25:56	1	1	1	0
        4	2023-03-29 07:05:40	1	0	1	0
        4	2023-03-29 07:05:43	1	0	1	0
       13	2023-03-29 07:13:58	1	0	1	0
        6	2023-03-29 07:26:07	1	0	1	0
       21	2023-03-29 07:26:20	1	0	1	0
       13	2023-03-29 17:30:03	1	1	1	0
        6	2023-03-29 17:30:15	1	1	1	0
       21	2023-03-29 17:30:52	1	1	1	0
        4	2023-03-29 17:31:29	1	1	1	0
        6	2023-03-30 07:11:11	1	0	1	0
       21	2023-03-30 07:11:15	1	0	1	0
       13	2023-03-30 07:14:02	1	0	1	0
       20	2023-03-30 07:30:32	1	0	1	0
        6	2023-03-30 16:55:11	1	1	1	0
       13	2023-03-30 16:55:16	1	1	1	0
       21	2023-03-30 16:55:21	1	1	1	0
       20	2023-03-30 16:55:57	1	1	1	0
       20	2023-03-31 07:12:43	1	0	1	0
        6	2023-03-31 07:15:14	1	0	1	0
       21	2023-03-31 07:15:27	1	0	1	0
        4	2023-03-31 07:28:42	1	0	1	0
        6	2023-03-31 17:22:10	1	1	1	0
        4	2023-03-31 17:25:45	1	1	1	0
       21	2023-03-31 17:25:49	1	1	1	0
       20	2023-03-31 17:25:56	1	1	1	0
        6	2023-04-01 07:05:36	1	0	1	0
       21	2023-04-01 07:09:29	1	0	1	0
       20	2023-04-01 07:13:39	1	0	1	0
        4	2023-04-01 07:14:41	1	0	1	0
       13	2023-04-01 07:22:08	1	0	1	0
        4	2023-04-01 17:04:33	1	1	1	0
       13	2023-04-01 17:04:36	1	1	1	0
        6	2023-04-01 17:04:40	1	1	1	0
       20	2023-04-01 17:04:45	1	1	1	0
       21	2023-04-01 17:05:03	1	1	1	0
        4	2023-04-02 07:12:58	1	0	1	0
       20	2023-04-02 07:22:41	1	0	1	0
        4	2023-04-02 17:21:03	1	1	1	0
       20	2023-04-02 17:21:27	1	1	1	0
        4	2023-04-03 07:08:05	1	0	1	0
        6	2023-04-03 07:10:32	1	0	1	0
       21	2023-04-03 07:10:39	1	0	1	0
       20	2023-04-03 07:11:01	1	0	1	0
        6	2023-04-03 17:34:37	1	1	1	0
       21	2023-04-03 17:34:43	1	1	1	0
        4	2023-04-03 17:35:11	1	1	1	0
       20	2023-04-03 17:35:35	1	1	1	0
       21	2023-04-04 07:06:58	1	0	1	0
       13	2023-04-04 07:15:16	1	0	1	0
        4	2023-04-04 08:16:46	1	0	1	0
       13	2023-04-04 17:13:32	1	1	1	0
        4	2023-04-04 17:13:37	1	1	1	0
       21	2023-04-04 17:13:41	1	1	1	0
        6	2023-04-05 07:06:10	1	0	1	0
       21	2023-04-05 07:06:20	1	0	1	0
       20	2023-04-05 07:07:23	1	0	1	0
       13	2023-04-05 07:10:19	1	0	1	0
       13	2023-04-05 17:12:48	1	1	1	0
        6	2023-04-05 17:12:52	1	1	1	0
       21	2023-04-05 17:15:59	1	1	1	0
       20	2023-04-05 17:16:06	1	1	1	0
       20	2023-04-06 06:59:06	1	0	1	0
       13	2023-04-06 07:06:39	1	0	1	0
        6	2023-04-06 07:12:27	1	0	1	0
       21	2023-04-06 07:12:48	1	0	1	0
       13	2023-04-06 17:10:07	1	1	1	0
        6	2023-04-06 17:10:14	1	1	1	0
       20	2023-04-06 17:10:17	1	1	1	0
       21	2023-04-06 17:10:20	1	1	1	0
        4	2023-04-07 06:55:34	1	0	1	0
        4	2023-04-07 06:55:37	1	0	1	0
       20	2023-04-07 07:06:13	1	0	1	0
        6	2023-04-07 07:08:46	1	0	1	0
       21	2023-04-07 07:08:51	1	0	1	0
       13	2023-04-07 07:17:49	1	0	1	0
        6	2023-04-07 17:26:08	1	1	1	0
       13	2023-04-07 17:26:17	1	1	1	0
        4	2023-04-07 18:25:09	1	1	1	0
       20	2023-04-07 18:25:20	1	1	1	0
        6	2023-04-08 07:07:45	1	0	1	0
       21	2023-04-08 07:07:52	1	0	1	0
        4	2023-04-08 07:10:49	1	0	1	0
       13	2023-04-08 07:11:04	1	0	1	0
       20	2023-04-08 07:23:11	1	0	1	0
       13	2023-04-08 17:25:04	1	1	1	0
        6	2023-04-08 17:25:15	1	1	1	0
       21	2023-04-08 17:25:20	1	1	1	0
        4	2023-04-08 17:25:34	1	1	1	0
        6	2023-04-09 07:05:20	1	0	1	0
        4	2023-04-09 07:12:50	1	0	1	0
       13	2023-04-09 07:16:02	1	0	1	0
       20	2023-04-09 08:49:25	1	0	1	0
        6	2023-04-09 17:07:56	1	1	1	0
       13	2023-04-09 17:09:34	1	1	1	0
        4	2023-04-09 17:09:40	1	1	1	0
       20	2023-04-09 17:09:46	1	1	1	0
        6	2023-04-10 07:05:38	1	0	1	0
       21	2023-04-10 07:05:43	1	0	1	0
        4	2023-04-10 07:11:13	1	0	1	0
       13	2023-04-10 07:14:40	1	0	1	0
       13	2023-04-10 17:14:03	1	1	1	0
        4	2023-04-10 17:14:16	1	1	1	0
        6	2023-04-10 17:14:21	1	1	1	0
       21	2023-04-10 17:14:26	1	1	1	0
        4	2023-04-11 07:04:50	1	0	1	0
        4	2023-04-11 07:04:53	1	0	1	0
       20	2023-04-11 07:09:46	1	0	1	0
       21	2023-04-11 07:11:17	1	0	1	0
       13	2023-04-11 07:18:49	1	0	1	0
       13	2023-04-11 17:18:30	1	1	1	0
       21	2023-04-11 17:18:35	1	1	1	0
        4	2023-04-11 18:42:57	1	1	1	0
       20	2023-04-11 18:43:00	1	1	1	0
        6	2023-04-12 07:02:34	1	0	1	0
       21	2023-04-12 07:03:41	1	0	1	0
        4	2023-04-12 07:09:16	1	0	1	0
       13	2023-04-12 07:14:20	1	0	1	0
       20	2023-04-12 07:23:04	1	0	1	0
       21	2023-04-12 17:14:38	1	1	1	0
       13	2023-04-12 17:20:29	1	1	1	0
        6	2023-04-12 17:21:09	1	1	1	0
        4	2023-04-12 17:22:50	1	1	1	0
        6	2023-04-13 07:02:51	1	0	1	0
       21	2023-04-13 07:06:40	1	0	1	0
       20	2023-04-13 07:13:16	1	0	1	0
        4	2023-04-13 07:18:43	1	0	1	0
        6	2023-04-13 16:59:41	1	1	1	0
        4	2023-04-13 17:00:36	1	1	1	0
       21	2023-04-13 17:01:50	1	1	1	0
       20	2023-04-13 17:01:53	1	1	1	0
        6	2023-04-14 07:01:08	1	0	1	0
       13	2023-04-14 07:17:49	1	0	1	0
        4	2023-04-14 07:21:07	1	0	1	0
       20	2023-04-14 07:28:44	1	0	1	0
        6	2023-04-14 17:06:37	1	1	1	0
       13	2023-04-14 17:06:50	1	1	1	0
        4	2023-04-14 17:20:54	1	1	1	0
       20	2023-04-14 17:21:00	1	1	1	0
       21	2023-04-15 07:12:14	1	0	1	0
       20	2023-04-15 07:15:07	1	0	1	0
       13	2023-04-15 07:20:31	1	0	1	0
        4	2023-04-15 07:21:15	1	0	1	0
        6	2023-04-15 07:51:36	1	0	1	0
       21	2023-04-15 17:29:24	1	1	1	0
        6	2023-04-15 17:32:03	1	1	1	0
       13	2023-04-15 17:32:27	1	1	1	0
        4	2023-04-15 17:39:00	1	1	1	0
        4	2023-04-15 17:39:08	1	1	1	0
       20	2023-04-15 17:39:13	1	1	1	0
       21	2023-04-16 07:04:46	1	0	1	0
       20	2023-04-16 07:07:24	1	0	1	0
        4	2023-04-16 07:08:19	1	0	1	0
        6	2023-04-16 07:12:36	1	0	1	0
       13	2023-04-16 07:16:34	1	0	1	0
        6	2023-04-16 17:37:47	1	1	1	0
       13	2023-04-16 17:38:16	1	1	1	0
       20	2023-04-16 17:38:23	1	1	1	0
       21	2023-04-16 17:39:18	1	1	1	0
        4	2023-04-16 17:39:46	1	1	1	0
       20	2023-04-17 07:04:13	1	0	1	0
       13	2023-04-17 07:09:14	1	0	1	0
        6	2023-04-17 07:12:44	1	0	1	0
       21	2023-04-17 07:12:48	1	0	1	0
        4	2023-04-17 07:30:08	1	0	1	0
        4	2023-04-17 16:47:56	1	1	1	0
       20	2023-04-17 16:48:20	1	1	1	0
       13	2023-04-17 16:51:48	1	1	1	0
       21	2023-04-17 16:51:52	1	1	1	0
        6	2023-04-17 16:52:23	1	0	1	0
        4	2023-04-18 07:04:26	1	0	1	0
        4	2023-04-18 07:04:29	1	0	1	0
       20	2023-04-18 07:04:32	1	0	1	0
        6	2023-04-18 07:12:29	1	0	1	0
       21	2023-04-18 07:12:34	1	0	1	0
       13	2023-04-18 07:17:36	1	0	1	0
       13	2023-04-18 17:01:15	1	1	1	0
        6	2023-04-18 17:01:19	1	1	1	0
       21	2023-04-18 17:01:23	1	1	1	0
       20	2023-04-18 17:01:41	1	1	1	0
        4	2023-04-18 17:01:49	1	1	1	0
        6	2023-04-19 07:10:42	1	0	1	0
       21	2023-04-19 07:14:37	1	0	1	0
       13	2023-04-19 07:32:13	1	0	1	0
        6	2023-04-19 18:20:45	1	1	1	0
       13	2023-04-19 18:20:49	1	1	1	0
        7	2023-04-19 18:20:53	1	1	1	0
       21	2023-04-19 18:21:09	1	1	1	0
       20	2023-04-20 07:13:33	1	0	1	0
        4	2023-04-20 07:19:32	1	0	1	0
       13	2023-04-20 08:56:06	1	0	1	0
       13	2023-04-20 19:42:50	1	1	1	0
        4	2023-04-20 19:42:57	1	1	1	0
       20	2023-04-20 19:43:23	1	1	1	0
        6	2023-04-28 07:03:16	1	0	1	0
        3	2023-04-28 07:03:20	1	0	1	0
       21	2023-04-28 07:03:25	1	0	1	0
       20	2023-04-28 07:09:02	1	0	1	0
       13	2023-04-28 07:09:20	1	0	1	0
       13	2023-04-28 17:29:34	1	1	1	0
       21	2023-04-28 17:29:50	1	1	1	0
        6	2023-04-28 17:29:58	1	1	1	0
        3	2023-04-28 17:30:40	1	1	1	0
       20	2023-04-28 17:30:51	1	1	1	0
        6	2023-04-29 07:10:33	1	0	1	0
       21	2023-04-29 07:10:42	1	0	1	0
       13	2023-04-29 07:12:49	1	0	1	0
        3	2023-04-29 07:19:39	1	0	1	0
       20	2023-04-29 07:20:26	1	0	1	0
       21	2023-04-29 17:35:18	1	1	1	0
        6	2023-04-29 17:35:42	1	1	1	0
       13	2023-04-29 17:38:10	1	1	1	0
       21	2023-04-29 17:38:16	1	1	1	0
        3	2023-04-29 17:42:19	1	1	1	0
       20	2023-04-29 17:42:22	1	1	1	0
        6	2023-04-30 07:01:12	1	0	1	0
       21	2023-04-30 07:01:16	1	0	1	0
       20	2023-04-30 07:07:12	1	0	1	0
        4	2023-04-30 07:14:03	1	0	1	0
        3	2023-04-30 07:25:40	1	0	1	0
        6	2023-04-30 17:42:10	1	1	1	0
       21	2023-04-30 17:42:22	1	1	1	0
       20	2023-04-30 17:42:27	1	1	1	0
        4	2023-04-30 17:42:49	1	1	1	0
        3	2023-04-30 17:42:52	1	1	1	0
       20	2023-05-01 06:57:32	1	0	1	0
        6	2023-05-01 07:11:16	1	0	1	0
       21	2023-05-01 07:11:21	1	0	1	0
        4	2023-05-01 07:11:52	1	0	1	0
        3	2023-05-01 07:16:20	1	0	1	0
        6	2023-05-01 17:18:51	1	1	1	0
       21	2023-05-01 17:18:56	1	1	1	0
       20	2023-05-01 17:21:26	1	1	1	0
        4	2023-05-01 17:23:05	1	1	1	0
        3	2023-05-01 17:24:15	1	1	1	0
        6	2023-05-02 07:06:44	1	0	1	0
       13	2023-05-02 07:14:54	1	0	1	0
       20	2023-05-02 07:15:49	1	0	1	0
        4	2023-05-02 07:16:59	1	0	1	0
        3	2023-05-02 07:20:42	1	0	1	0
        6	2023-05-02 17:23:03	1	1	1	0
       13	2023-05-02 17:23:24	1	1	1	0
        4	2023-05-02 17:23:38	1	0	1	0
        3	2023-05-02 17:23:49	1	1	1	0
       20	2023-05-02 17:24:05	1	1	1	0
        6	2023-05-03 07:03:48	1	0	1	0
       21	2023-05-03 07:04:24	1	0	1	0
        4	2023-05-03 07:14:01	1	0	1	0
       13	2023-05-03 07:15:58	1	0	1	0
       20	2023-05-03 07:19:40	1	0	1	0
       13	2023-05-03 17:28:29	1	1	1	0
        6	2023-05-03 17:28:32	1	1	1	0
       21	2023-05-03 17:28:43	1	1	1	0
       20	2023-05-03 17:29:13	1	1	1	0
        4	2023-05-03 17:29:23	1	1	1	0
        6	2023-05-04 07:06:01	1	0	1	0
       21	2023-05-04 07:06:15	1	0	1	0
       13	2023-05-04 07:16:15	1	0	1	0
        4	2023-05-04 07:19:22	1	0	1	0
        3	2023-05-04 07:22:40	1	0	1	0
        6	2023-05-04 17:15:23	1	1	1	0
       21	2023-05-04 17:15:37	1	1	1	0
       13	2023-05-04 17:15:47	1	1	1	0
        3	2023-05-04 17:17:24	1	1	1	0
        4	2023-05-04 17:18:12	1	1	1	0
        6	2023-05-05 07:07:14	1	0	1	0
       21	2023-05-05 07:07:27	1	0	1	0
       13	2023-05-05 07:15:20	1	0	1	0
       20	2023-05-05 07:17:43	1	0	1	0
        3	2023-05-05 07:21:40	1	0	1	0
        6	2023-05-05 17:51:27	1	0	1	0
       13	2023-05-05 17:51:30	1	0	1	0
       21	2023-05-05 17:51:39	1	1	1	0
        3	2023-05-05 17:52:02	1	1	1	0
       20	2023-05-05 17:52:07	1	1	1	0
        6	2023-05-06 07:05:34	1	0	1	0
       21	2023-05-06 07:06:34	1	0	1	0
        4	2023-05-06 07:14:24	1	0	1	0
        3	2023-05-06 07:17:48	1	0	1	0
       13	2023-05-06 07:18:30	1	0	1	0
       20	2023-05-06 07:25:03	1	0	1	0
       13	2023-05-06 12:37:39	1	1	1	0
        3	2023-05-06 17:25:35	1	1	1	0
        6	2023-05-06 17:25:44	1	1	1	0
       20	2023-05-06 17:26:18	1	1	1	0
       21	2023-05-06 17:26:22	1	1	1	0
        4	2023-05-07 07:00:53	1	0	1	0
        3	2023-05-07 07:06:35	1	0	1	0
       13	2023-05-07 07:12:20	1	0	1	0
       20	2023-05-07 07:20:38	1	0	1	0
       21	2023-05-07 13:35:57	1	0	1	0
       21	2023-05-07 17:35:00	1	1	1	0
       13	2023-05-07 17:35:27	1	1	1	0
        3	2023-05-07 18:11:44	1	1	1	0
        4	2023-05-07 18:11:49	1	1	1	0
       20	2023-05-07 18:11:59	1	1	1	0
        4	2023-05-08 07:06:59	1	0	1	0
        6	2023-05-08 07:10:59	1	0	1	0
       21	2023-05-08 07:11:09	1	0	1	0
        3	2023-05-08 07:27:08	1	0	1	0
       20	2023-05-08 07:40:13	1	0	1	0
        6	2023-05-08 17:22:12	1	1	1	0
       21	2023-05-08 17:22:38	1	1	1	0
       20	2023-05-08 17:36:12	1	1	1	0
        3	2023-05-08 17:36:28	1	1	1	0
        4	2023-05-08 17:36:32	1	1	1	0
        3	2023-05-09 07:01:34	1	0	1	0
        6	2023-05-09 07:06:12	1	0	1	0
       20	2023-05-09 07:14:34	1	0	1	0
       13	2023-05-09 07:15:26	1	0	1	0
        4	2023-05-09 07:38:56	1	0	1	0
        6	2023-05-09 17:38:03	1	1	1	0
       13	2023-05-09 17:38:34	1	1	1	0
        3	2023-05-09 17:52:10	1	1	1	0
        4	2023-05-09 17:52:14	1	1	1	0
       20	2023-05-09 17:52:18	1	1	1	0
        6	2023-05-10 07:01:02	1	0	1	0
       21	2023-05-10 07:01:29	1	0	1	0
       13	2023-05-10 07:22:13	1	0	1	0
       20	2023-05-10 07:46:34	1	0	1	0
        4	2023-05-10 10:10:12	1	0	1	0
        6	2023-05-10 17:23:51	1	1	1	0
       13	2023-05-10 17:23:57	1	1	1	0
       21	2023-05-10 17:24:13	1	1	1	0
       20	2023-05-10 17:24:49	1	1	1	0
        4	2023-05-10 17:25:01	1	1	1	0
       21	2023-05-11 07:00:47	1	0	1	0
        4	2023-05-11 07:02:04	1	0	1	0
        3	2023-05-11 07:12:38	1	0	1	0
        3	2023-05-11 07:12:41	1	0	1	0
       13	2023-05-11 07:14:45	1	0	1	0
       20	2023-05-11 07:15:47	1	0	1	0
       21	2023-05-11 17:14:58	1	1	1	0
       13	2023-05-11 17:28:20	1	1	1	0
        4	2023-05-11 17:28:38	1	1	1	0
        3	2023-05-11 17:28:53	1	1	1	0
       20	2023-05-11 17:28:57	1	1	1	0
        6	2023-05-12 07:04:55	1	0	1	0
       21	2023-05-12 07:05:01	1	0	1	0
        4	2023-05-12 07:11:53	1	0	1	0
       20	2023-05-12 07:12:51	1	0	1	0
        3	2023-05-12 07:17:34	1	0	1	0
       13	2023-05-12 07:19:38	1	0	1	0
        6	2023-05-12 17:11:58	1	1	1	0
        4	2023-05-12 17:12:08	1	1	1	0
        3	2023-05-12 17:12:16	1	1	1	0
       13	2023-05-12 17:12:24	1	1	1	0
       21	2023-05-12 17:12:30	1	1	1	0
       20	2023-05-12 17:13:07	1	1	1	0
       20	2023-05-13 07:00:33	1	0	1	0
        6	2023-05-13 07:01:39	1	0	1	0
       21	2023-05-13 07:01:45	1	0	1	0
       13	2023-05-13 07:17:32	1	0	1	0
        3	2023-05-13 07:20:37	1	0	1	0
        6	2023-05-13 17:14:31	1	1	1	0
       13	2023-05-13 17:14:38	1	1	1	0
       21	2023-05-13 17:14:48	1	1	1	0
        3	2023-05-13 17:16:46	1	1	1	0
       20	2023-05-13 17:19:47	1	1	1	0
        3	2023-05-13 17:20:02	1	1	1	0
        6	2023-05-14 07:10:57	1	0	1	0
       13	2023-05-14 07:16:07	1	0	1	0
       21	2023-05-14 07:24:29	1	0	1	0
        4	2023-05-14 07:29:27	1	0	1	0
        3	2023-05-14 07:37:14	1	0	1	0
        6	2023-05-14 17:18:01	1	1	1	0
       13	2023-05-14 17:18:09	1	1	1	0
       21	2023-05-14 17:18:16	1	1	1	0
        3	2023-05-14 17:18:38	1	1	1	0
        4	2023-05-14 17:18:50	1	1	1	0
        6	2023-05-15 07:05:45	1	0	1	0
       21	2023-05-15 07:05:52	1	0	1	0
        4	2023-05-15 07:14:18	1	0	1	0
        3	2023-05-15 07:17:04	1	0	1	0
       13	2023-05-15 07:18:31	1	0	1	0
       20	2023-05-15 07:36:57	1	0	1	0
        6	2023-05-15 17:04:27	1	1	1	0
       13	2023-05-15 17:04:35	1	1	1	0
       21	2023-05-15 17:04:52	1	1	1	0
        4	2023-05-15 17:05:06	1	1	1	0
        3	2023-05-15 17:05:19	1	1	1	0
       20	2023-05-15 17:05:30	1	1	1	0
       20	2023-05-16 07:03:28	1	0	1	0
        6	2023-05-16 07:07:11	1	0	1	0
       21	2023-05-16 07:07:27	1	0	1	0
       13	2023-05-16 07:15:30	1	0	1	0
        3	2023-05-16 07:18:21	1	0	1	0
        4	2023-05-16 07:18:25	1	0	1	0
       13	2023-05-16 17:15:41	1	1	1	0
        3	2023-05-16 17:15:57	1	1	1	0
        6	2023-05-16 17:16:00	1	1	1	0
       21	2023-05-16 17:16:06	1	1	1	0
        4	2023-05-16 17:16:11	1	1	1	0
       20	2023-05-16 17:16:17	1	1	1	0
        6	2023-05-17 07:03:21	1	0	1	0
       20	2023-05-17 07:03:27	1	0	1	0
       13	2023-05-17 07:16:00	1	0	1	0
        3	2023-05-17 07:16:03	1	0	1	0
        4	2023-05-17 07:20:36	1	0	1	0
        6	2023-05-17 17:12:50	1	1	1	0
       13	2023-05-17 17:13:32	1	1	1	0
        4	2023-05-17 17:14:09	1	0	1	0
        4	2023-05-17 17:14:17	1	1	1	0
        3	2023-05-17 17:14:22	1	1	1	0
       20	2023-05-17 17:14:25	1	1	1	0
       20	2023-05-18 07:10:25	1	0	1	0
        6	2023-05-18 07:12:04	1	0	1	0
       21	2023-05-18 07:12:13	1	0	1	0
       13	2023-05-18 07:16:20	1	0	1	0
        4	2023-05-18 07:18:22	1	0	1	0
       13	2023-05-18 17:15:02	1	1	1	0
        4	2023-05-18 17:15:22	1	1	1	0
       20	2023-05-18 17:15:37	1	1	1	0
       21	2023-05-18 17:15:42	1	1	1	0
        6	2023-05-18 17:15:46	1	1	1	0
       21	2023-05-19 07:11:37	1	0	1	0
        4	2023-05-19 07:14:31	1	0	1	0
       13	2023-05-19 07:14:51	1	0	1	0
       20	2023-05-19 07:23:08	1	0	1	0
        3	2023-05-19 07:23:39	1	0	1	0
       21	2023-05-19 17:19:42	1	1	1	0
       13	2023-05-19 17:20:02	1	1	1	0
        4	2023-05-19 17:37:23	1	1	1	0
        4	2023-05-19 17:37:27	1	1	1	0
        3	2023-05-19 17:37:32	1	1	1	0
       20	2023-05-19 17:42:53	1	1	1	0
        6	2023-05-20 07:13:12	1	0	1	0
       21	2023-05-20 07:13:18	1	0	1	0
        3	2023-05-20 07:17:01	1	0	1	0
       20	2023-05-20 07:18:55	1	0	1	0
       13	2023-05-20 07:19:01	1	0	1	0
        6	2023-05-20 17:03:13	1	1	1	0
       13	2023-05-20 17:03:17	1	1	1	0
       21	2023-05-20 17:04:04	1	1	1	0
        3	2023-05-20 17:06:54	1	1	1	0
       20	2023-05-20 17:07:03	1	1	1	0
        6	2023-05-21 07:08:22	1	0	1	0
       21	2023-05-21 07:10:29	1	0	1	0
        4	2023-05-21 07:11:09	1	0	1	0
        3	2023-05-21 07:14:36	1	0	1	0
        3	2023-05-21 07:14:39	1	0	1	0
        6	2023-05-21 17:04:37	1	0	1	0
       21	2023-05-21 17:04:54	1	1	1	0
        4	2023-05-21 17:05:06	1	1	1	0
        3	2023-05-21 17:05:15	1	1	1	0
        6	2023-05-22 07:07:13	1	0	1	0
       21	2023-05-22 07:07:21	1	0	1	0
        4	2023-05-22 07:14:36	1	0	1	0
       20	2023-05-22 07:16:11	1	0	1	0
       13	2023-05-22 07:17:52	1	0	1	0
        3	2023-05-22 07:18:12	1	0	1	0
        3	2023-05-22 07:18:15	1	0	1	0
       13	2023-05-22 17:19:34	1	1	1	0
       21	2023-05-22 17:19:38	1	1	1	0
        6	2023-05-22 17:19:45	1	1	1	0
        3	2023-05-22 17:19:51	1	1	1	0
        4	2023-05-22 17:19:57	1	1	1	0
       20	2023-05-22 17:20:01	1	1	1	0
       21	2023-05-23 07:03:06	1	0	1	0
       20	2023-05-23 07:03:38	1	0	1	0
        4	2023-05-23 07:11:06	1	0	1	0
       13	2023-05-23 07:16:20	1	0	1	0
       13	2023-05-23 18:02:42	1	1	1	0
       20	2023-05-23 18:02:49	1	1	1	0
       21	2023-05-23 18:02:57	1	1	1	0
        4	2023-05-23 18:03:07	1	1	1	0
       21	2023-05-24 07:10:07	1	0	1	0
        3	2023-05-24 07:15:48	1	0	1	0
        3	2023-05-24 07:15:51	1	0	1	0
        3	2023-05-24 07:15:54	1	0	1	0
       13	2023-05-24 07:16:06	1	0	1	0
        4	2023-05-24 07:17:59	1	0	1	0
        4	2023-05-24 17:02:57	1	1	1	0
       13	2023-05-24 17:03:03	1	1	1	0
       21	2023-05-24 17:03:58	1	1	1	0
        3	2023-05-24 17:04:04	1	1	1	0
        6	2023-05-25 07:03:09	1	0	1	0
        3	2023-05-25 07:06:04	1	0	1	0
       20	2023-05-25 07:06:59	1	0	1	0
        4	2023-05-25 07:11:48	1	0	1	0
       13	2023-05-25 07:14:19	1	0	1	0
       13	2023-05-25 17:21:22	1	1	1	0
       20	2023-05-25 17:21:28	1	1	1	0
        3	2023-05-25 17:21:32	1	1	1	0
        6	2023-05-25 17:21:35	1	1	1	0
        4	2023-05-25 17:21:43	1	1	1	0
        4	2023-05-26 06:38:34	1	0	1	0
        6	2023-05-26 07:01:58	1	0	1	0
       21	2023-05-26 07:02:04	1	0	1	0
       13	2023-05-26 07:09:54	1	0	1	0
       20	2023-05-26 07:14:25	1	0	1	0
        3	2023-05-26 07:14:47	1	0	1	0
       13	2023-05-26 17:16:35	1	1	1	0
       21	2023-05-26 17:16:39	1	1	1	0
        6	2023-05-26 17:16:44	1	1	1	0
        4	2023-05-26 17:16:50	1	1	1	0
        3	2023-05-26 17:16:54	1	1	1	0
       20	2023-05-26 17:17:00	1	1	1	0
        6	2023-05-27 07:11:48	1	0	1	0
       20	2023-05-27 07:11:52	1	0	1	0
       21	2023-05-27 07:12:05	1	0	1	0
        3	2023-05-27 07:14:14	1	0	1	0
       13	2023-05-27 07:17:44	1	0	1	0
       13	2023-05-27 17:07:11	1	1	1	0
        6	2023-05-27 17:07:16	1	1	1	0
        3	2023-05-27 17:07:25	1	1	1	0
       21	2023-05-27 17:07:28	1	1	1	0
       20	2023-05-27 17:07:33	1	1	1	0
        4	2023-05-28 06:49:54	1	0	1	0
        4	2023-05-28 06:49:57	1	0	1	0
        3	2023-05-28 07:17:21	1	0	1	0
        3	2023-05-28 07:17:23	1	0	1	0
       20	2023-05-28 07:18:15	1	0	1	0
        6	2023-05-28 07:20:16	1	0	1	0
       21	2023-05-28 07:20:23	1	0	1	0
        6	2023-05-28 17:04:37	1	1	1	0
       21	2023-05-28 17:04:52	1	1	1	0
        4	2023-05-28 17:05:13	1	0	1	0
        3	2023-05-28 17:05:22	1	1	1	0
       20	2023-05-28 17:06:48	1	1	1	0
        6	2023-05-29 07:06:15	1	0	1	0
       21	2023-05-29 07:06:20	1	0	1	0
        3	2023-05-29 07:11:53	1	0	1	0
       13	2023-05-29 07:14:43	1	0	1	0
        4	2023-05-29 07:18:20	1	0	1	0
        4	2023-05-29 17:02:32	1	1	1	0
       13	2023-05-29 17:02:41	1	1	1	0
        6	2023-05-29 17:02:53	1	1	1	0
        3	2023-05-29 17:03:10	1	1	1	0
        3	2023-05-30 07:11:48	1	0	1	0
        6	2023-05-30 07:13:30	1	0	1	0
       21	2023-05-30 07:13:49	1	0	1	0
       13	2023-05-30 07:14:23	1	0	1	0
       20	2023-05-30 07:20:51	1	0	1	0
       13	2023-05-30 17:10:33	1	1	1	0
        6	2023-05-30 17:10:51	1	1	1	0
       21	2023-05-30 17:11:22	1	0	1	0
       20	2023-05-30 17:13:26	1	1	1	0
        3	2023-05-30 17:13:31	1	1	1	0
        6	2023-05-31 07:05:41	1	0	1	0
       21	2023-05-31 07:05:46	1	0	1	0
        3	2023-05-31 07:13:43	1	0	1	0
        3	2023-05-31 07:13:45	1	0	1	0
       20	2023-05-31 07:21:26	1	0	1	0
        4	2023-05-31 07:23:30	1	0	1	0
        6	2023-05-31 16:54:58	1	0	1	0
       20	2023-05-31 16:55:18	1	1	1	0
        3	2023-05-31 16:57:31	1	1	1	0
       21	2023-05-31 16:57:35	1	1	1	0
        3	2023-06-01 07:15:53	1	0	1	0
       13	2023-06-01 07:18:22	1	0	1	0
        4	2023-06-01 07:19:09	1	0	1	0
       20	2023-06-01 07:24:06	1	0	1	0
        6	2023-06-01 07:31:48	1	0	1	0
        6	2023-06-01 17:01:58	1	1	1	0
        3	2023-06-01 17:02:04	1	1	1	0
       13	2023-06-01 17:02:10	1	1	1	0
        4	2023-06-01 17:10:41	1	1	1	0
       20	2023-06-01 17:10:49	1	1	1	0
       20	2023-06-02 07:00:50	1	0	1	0
        6	2023-06-02 07:08:24	1	0	1	0
       21	2023-06-02 07:08:29	1	0	1	0
       13	2023-06-02 07:13:37	1	0	1	0
        3	2023-06-02 07:24:04	1	0	1	0
        3	2023-06-02 07:24:07	1	0	1	0
        3	2023-06-02 11:20:40	1	1	1	0
       13	2023-06-02 17:11:10	1	1	1	0
        6	2023-06-02 17:11:29	1	1	1	0
       21	2023-06-02 17:12:06	1	1	1	0
       20	2023-06-02 17:12:23	1	1	1	0
        4	2023-06-03 07:11:13	1	0	1	0
       20	2023-06-03 07:11:17	1	0	1	0
       21	2023-06-03 07:11:29	1	0	1	0
       13	2023-06-03 07:12:31	1	0	1	0
        3	2023-06-03 07:32:33	1	0	1	0
       21	2023-06-03 17:07:24	1	1	1	0
       13	2023-06-03 17:27:05	1	1	1	0
        4	2023-06-03 17:27:24	1	1	1	0
       20	2023-06-03 17:27:37	1	1	1	0
        3	2023-06-03 17:27:40	1	1	1	0
       13	2023-06-04 07:17:40	1	0	1	0
        4	2023-06-04 07:21:41	1	0	1	0
       21	2023-06-04 07:26:28	1	0	1	0
       20	2023-06-04 07:41:07	1	0	1	0
        6	2023-06-04 07:41:10	1	0	1	0
        6	2023-06-04 17:09:59	1	1	1	0
       13	2023-06-04 17:10:07	1	1	1	0
       21	2023-06-04 17:10:26	1	1	1	0
        4	2023-06-04 17:11:21	1	1	1	0
       20	2023-06-04 17:11:24	1	1	1	0
        6	2023-06-05 07:13:04	1	0	1	0
       21	2023-06-05 07:13:13	1	0	1	0
       20	2023-06-05 07:13:57	1	0	1	0
        3	2023-06-05 07:20:49	1	0	1	0
        4	2023-06-05 07:21:44	1	0	1	0
        6	2023-06-05 17:12:39	1	1	1	0
        6	2023-06-05 17:19:12	1	0	1	0
        6	2023-06-05 17:19:18	1	1	1	0
       21	2023-06-05 17:19:23	1	1	1	0
        3	2023-06-05 17:21:05	1	1	1	0
        4	2023-06-05 17:23:46	1	1	1	0
       20	2023-06-05 17:26:49	1	1	1	0
       21	2023-06-06 07:03:32	1	0	1	0
       13	2023-06-06 07:21:00	1	0	1	0
        3	2023-06-06 07:22:02	1	0	1	0
        6	2023-06-06 07:26:15	1	0	1	0
        4	2023-06-06 07:26:47	1	0	1	0
        6	2023-06-06 17:06:33	1	1	1	0
        4	2023-06-06 17:06:36	1	1	1	0
       13	2023-06-06 17:06:39	1	1	1	0
        3	2023-06-06 17:06:45	1	1	1	0
       21	2023-06-06 17:06:48	1	1	1	0
        6	2023-06-07 07:08:15	1	0	1	0
       21	2023-06-07 07:08:26	1	0	1	0
       13	2023-06-07 07:18:56	1	0	1	0
        4	2023-06-07 07:19:52	1	0	1	0
        3	2023-06-07 07:22:29	1	0	1	0
       20	2023-06-07 07:31:02	1	0	1	0
        4	2023-06-07 16:36:58	1	1	1	0
       20	2023-06-07 16:37:04	1	1	1	0
       13	2023-06-07 16:37:10	1	1	1	0
        6	2023-06-07 16:37:22	1	1	1	0
       21	2023-06-07 16:37:27	1	1	1	0
        3	2023-06-07 16:37:32	1	1	1	0
        6	2023-06-08 07:10:26	1	0	1	0
       13	2023-06-08 07:14:06	1	0	1	0
        3	2023-06-08 07:16:50	1	0	1	0
        4	2023-06-08 07:17:09	1	0	1	0
       20	2023-06-08 07:17:13	1	0	1	0
        6	2023-06-08 17:12:06	1	1	1	0
       13	2023-06-08 17:13:07	1	1	1	0
        3	2023-06-08 17:35:05	1	1	1	0
        4	2023-06-08 17:35:26	1	1	1	0
       20	2023-06-08 17:35:36	1	1	1	0
        6	2023-06-09 07:13:03	1	0	1	0
       21	2023-06-09 07:13:08	1	0	1	0
       13	2023-06-09 07:13:23	1	0	1	0
        4	2023-06-09 07:16:01	1	0	1	0
       20	2023-06-09 07:18:51	1	0	1	0
        6	2023-06-09 17:06:34	1	1	1	0
       21	2023-06-09 17:07:01	1	0	1	0
       21	2023-06-09 17:07:07	1	1	1	0
       13	2023-06-09 17:07:17	1	1	1	0
       20	2023-06-09 17:07:21	1	1	1	0
        4	2023-06-09 17:07:27	1	1	1	0
       21	2023-06-10 07:10:09	1	0	1	0
       13	2023-06-10 07:13:30	1	0	1	0
        4	2023-06-10 07:18:24	1	0	1	0
        3	2023-06-10 07:21:52	1	0	1	0
       20	2023-06-10 07:23:58	1	0	1	0
       21	2023-06-10 17:07:32	1	1	1	0
       20	2023-06-10 17:07:38	1	1	1	0
       13	2023-06-10 17:07:45	1	1	1	0
        4	2023-06-10 17:07:51	1	1	1	0
        4	2023-06-10 17:07:56	1	1	1	0
        3	2023-06-10 17:08:03	1	1	1	0
        6	2023-06-11 07:07:42	1	0	1	0
       21	2023-06-11 07:07:47	1	0	1	0
       13	2023-06-11 07:15:34	1	0	1	0
        3	2023-06-11 07:17:18	1	0	1	0
        3	2023-06-11 07:17:21	1	0	1	0
        6	2023-06-11 17:04:27	1	0	1	0
       13	2023-06-11 17:04:33	1	1	1	0
       21	2023-06-11 17:04:38	1	1	1	0
        3	2023-06-11 17:04:54	1	1	1	0
        4	2023-06-12 06:50:19	1	0	1	0
        4	2023-06-12 06:50:22	1	0	1	0
       20	2023-06-12 07:02:45	1	0	1	0
        6	2023-06-12 07:05:10	1	0	1	0
       21	2023-06-12 07:05:15	1	0	1	0
        3	2023-06-12 07:12:43	1	0	1	0
       13	2023-06-12 07:17:02	1	0	1	0
        6	2023-06-12 10:34:20	1	1	1	0
       13	2023-06-12 17:17:27	1	1	1	0
        4	2023-06-12 17:17:33	1	1	1	0
        3	2023-06-12 17:17:42	1	1	1	0
       21	2023-06-12 17:17:50	1	1	1	0
       20	2023-06-12 17:18:43	1	1	1	0
        4	2023-06-13 06:51:52	1	0	1	0
        4	2023-06-13 06:51:55	1	0	1	0
        6	2023-06-13 07:10:19	1	0	1	0
       21	2023-06-13 07:10:33	1	0	1	0
        3	2023-06-13 07:20:47	1	0	1	0
       20	2023-06-13 07:22:00	1	0	1	0
        6	2023-06-13 17:10:48	1	1	1	0
       21	2023-06-13 17:10:53	1	1	1	0
        4	2023-06-13 17:10:58	1	1	1	0
        3	2023-06-13 17:11:03	1	1	1	0
       20	2023-06-13 17:11:07	1	1	1	0
        6	2023-06-14 07:08:38	1	0	1	0
       13	2023-06-14 07:08:41	1	0	1	0
       21	2023-06-14 07:08:47	1	0	1	0
        3	2023-06-14 07:18:06	1	0	1	0
       20	2023-06-14 07:23:44	1	0	1	0
        6	2023-06-14 17:00:04	1	0	1	0
        6	2023-06-14 17:00:09	1	1	1	0
       13	2023-06-14 17:00:23	1	1	1	0
       21	2023-06-14 17:00:28	1	1	1	0
        3	2023-06-14 17:01:01	1	1	1	0
       20	2023-06-14 17:02:18	1	1	1	0
        4	2023-06-15 07:09:23	1	0	1	0
        6	2023-06-15 07:09:57	1	0	1	0
       21	2023-06-15 07:10:02	1	0	1	0
       20	2023-06-15 07:14:45	1	0	1	0
        3	2023-06-15 07:17:41	1	0	1	0
       13	2023-06-15 07:18:16	1	0	1	0
        6	2023-06-15 17:10:35	1	1	1	0
       13	2023-06-15 17:10:41	1	1	1	0
       21	2023-06-15 17:10:47	1	1	1	0
       20	2023-06-15 17:21:13	1	1	1	0
        4	2023-06-15 17:21:21	1	1	1	0
        3	2023-06-16 07:39:38	1	0	1	0
        6	2023-06-16 07:39:44	1	0	1	0
       20	2023-06-16 07:39:49	1	0	1	0
       13	2023-06-16 07:39:53	1	0	1	0
        4	2023-06-16 08:59:15	1	0	1	0
       13	2023-06-16 17:09:02	1	1	1	0
        6	2023-06-16 17:09:06	1	1	1	0
       20	2023-06-16 17:09:14	1	1	1	0
        3	2023-06-16 17:09:33	1	1	1	0
        4	2023-06-16 17:09:39	1	1	1	0
        4	2023-06-17 07:33:35	1	0	1	0
        6	2023-06-17 07:33:39	1	0	1	0
       20	2023-06-17 07:33:45	1	0	1	0
       13	2023-06-17 07:33:50	1	0	1	0
       21	2023-06-17 07:33:55	1	0	1	0
        6	2023-06-17 17:07:32	1	1	1	0
        6	2023-06-17 17:09:09	1	1	1	0
       13	2023-06-17 17:09:14	1	1	1	0
       21	2023-06-17 17:09:22	1	1	1	0
        4	2023-06-17 17:09:38	1	1	1	0
       20	2023-06-17 17:10:09	1	1	1	0
       20	2023-06-17 17:10:34	1	1	1	0
        3	2023-06-18 07:13:28	1	0	1	0
        4	2023-06-18 07:17:27	1	0	1	0
       20	2023-06-18 07:17:30	1	0	1	0
       13	2023-06-18 07:17:55	1	0	1	0
       21	2023-06-18 07:20:59	1	0	1	0
       13	2023-06-18 17:47:02	1	1	1	0
       21	2023-06-18 17:47:07	1	1	1	0
        3	2023-06-18 17:47:56	1	1	1	0
       20	2023-06-18 17:50:26	1	1	1	0
        6	2023-06-19 07:07:03	1	0	1	0
       21	2023-06-19 07:07:09	1	0	1	0
       20	2023-06-19 07:09:43	1	0	1	0
        3	2023-06-19 07:16:03	1	0	1	0
       13	2023-06-19 07:21:36	1	0	1	0
       13	2023-06-19 17:26:56	1	1	1	0
        6	2023-06-19 17:27:06	1	1	1	0
       21	2023-06-19 17:27:12	1	1	1	0
        3	2023-06-19 17:28:02	1	1	1	0
       20	2023-06-19 17:28:27	1	1	1	0
        6	2023-06-20 07:16:45	1	4	1	0
       21	2023-06-20 07:17:15	1	4	1	0
        4	2023-06-20 07:18:16	1	0	1	0
       20	2023-06-20 07:22:40	1	0	1	0
        3	2023-06-20 07:24:30	1	0	1	0
        6	2023-06-20 17:08:02	1	1	1	0
       21	2023-06-20 17:08:08	1	1	1	0
        3	2023-06-20 17:09:37	1	1	1	0
        4	2023-06-20 17:09:43	1	1	1	0
       20	2023-06-20 17:09:46	1	1	1	0
        3	2023-06-21 07:11:09	1	0	1	0
       20	2023-06-21 07:11:21	1	0	1	0
       21	2023-06-21 07:17:24	1	0	1	0
        4	2023-06-21 07:25:55	1	0	1	0
       21	2023-06-21 17:05:09	1	1	1	0
       20	2023-06-21 17:05:13	1	1	1	0
        3	2023-06-21 17:05:21	1	1	1	0
        3	2023-06-21 17:05:23	1	1	1	0
        4	2023-06-21 17:05:33	1	1	1	0
       21	2023-06-22 07:12:08	1	0	1	0
        6	2023-06-22 07:12:47	1	0	1	0
       13	2023-06-22 07:17:12	1	0	1	0
        3	2023-06-22 07:18:39	1	0	1	0
       20	2023-06-22 07:25:34	1	0	1	0
        4	2023-06-22 07:26:06	1	0	1	0
        6	2023-06-22 17:06:40	1	1	1	0
       13	2023-06-22 17:06:48	1	1	1	0
       21	2023-06-22 17:06:59	1	1	1	0
        4	2023-06-22 17:08:01	1	1	1	0
        3	2023-06-22 17:08:05	1	1	1	0
       20	2023-06-22 17:08:09	1	1	1	0
        4	2023-06-23 07:14:50	1	0	1	0
        6	2023-06-23 07:14:52	1	0	1	0
        3	2023-06-23 07:14:57	1	0	1	0
       21	2023-06-23 07:15:01	1	0	1	0
       13	2023-06-23 07:19:00	1	0	1	0
       20	2023-06-23 07:42:37	1	0	1	0
       13	2023-06-23 17:05:55	1	1	1	0
        6	2023-06-23 17:06:05	1	1	1	0
       21	2023-06-23 17:06:15	1	1	1	0
        4	2023-06-23 17:06:21	1	1	1	0
        3	2023-06-23 17:08:45	1	1	1	0
        4	2023-06-23 17:08:50	1	1	1	0
       20	2023-06-23 17:08:54	1	1	1	0
        6	2023-06-24 07:12:38	1	0	1	0
       21	2023-06-24 07:12:52	1	0	1	0
       20	2023-06-24 07:17:03	1	0	1	0
       13	2023-06-24 07:19:49	1	0	1	0
        4	2023-06-24 08:09:18	1	0	1	0
       13	2023-06-24 17:45:05	1	1	1	0
        6	2023-06-24 17:45:41	1	1	1	0
       21	2023-06-24 17:45:46	1	1	1	0
       20	2023-06-24 17:47:00	1	1	1	0
        4	2023-06-24 17:47:04	1	1	1	0
        4	2023-06-25 07:14:58	1	0	1	0
        6	2023-06-25 07:15:05	1	0	1	0
        3	2023-06-25 07:15:18	1	0	1	0
       13	2023-06-25 07:18:06	1	0	1	0
        6	2023-06-25 17:55:20	1	1	1	0
        4	2023-06-25 17:58:41	1	1	1	0
       13	2023-06-25 17:59:05	1	1	1	0
        3	2023-06-25 18:00:03	1	0	1	0
        3	2023-06-25 18:00:10	1	1	1	0
        3	2023-06-26 07:02:40	1	0	1	0
        4	2023-06-26 07:16:39	1	0	1	0
        6	2023-06-26 07:16:54	1	0	1	0
       20	2023-06-26 07:18:47	1	0	1	0
       13	2023-06-26 07:20:08	1	0	1	0
        6	2023-06-26 17:14:33	1	1	1	0
       13	2023-06-26 17:14:39	1	1	1	0
        4	2023-06-26 17:17:36	1	1	1	0
        3	2023-06-26 17:17:47	1	1	1	0
       20	2023-06-26 17:17:58	1	1	1	0
        6	2023-06-27 07:10:57	1	0	1	0
       21	2023-06-27 07:11:03	1	0	1	0
       13	2023-06-27 07:17:57	1	0	1	0
        4	2023-06-27 07:18:01	1	0	1	0
        4	2023-06-27 07:18:04	1	0	1	0
       20	2023-06-27 07:18:07	1	0	1	0
        3	2023-06-27 07:19:54	1	0	1	0
        6	2023-06-27 17:50:20	1	1	1	0
       13	2023-06-27 17:50:25	1	1	1	0
        3	2023-06-27 17:50:40	1	1	1	0
        3	2023-06-27 17:51:21	1	1	1	0
       21	2023-06-27 17:51:41	1	1	1	0
        4	2023-06-27 17:53:01	1	1	1	0
       20	2023-06-27 17:53:16	1	1	1	0
       20	2023-06-28 07:12:52	1	0	1	0
       21	2023-06-28 07:12:57	1	0	1	0
        4	2023-06-28 07:18:30	1	0	1	0
       13	2023-06-28 07:20:28	1	0	1	0
        3	2023-06-28 07:22:38	1	0	1	0
        6	2023-06-28 07:28:46	1	0	1	0
        6	2023-06-28 16:53:58	1	1	1	0
       13	2023-06-28 16:54:33	1	1	1	0
        3	2023-06-28 16:55:19	1	1	1	0
       20	2023-06-28 16:56:43	1	1	1	0
       21	2023-06-28 16:56:47	1	1	1	0
        4	2023-06-28 16:56:53	1	1	1	0
        3	2023-06-30 07:10:32	1	0	1	0
        6	2023-06-30 07:11:02	1	0	1	0
       21	2023-06-30 07:11:09	1	0	1	0
        4	2023-06-30 07:13:39	1	0	1	0
       20	2023-06-30 07:15:08	1	0	1	0
       13	2023-06-30 07:19:05	1	0	1	0
        6	2023-06-30 17:14:26	1	1	1	0
       13	2023-06-30 17:18:37	1	1	1	0
       21	2023-06-30 17:18:43	1	1	1	0
        3	2023-06-30 17:18:46	1	1	1	0
        4	2023-06-30 17:19:01	1	1	1	0
       20	2023-06-30 17:19:22	1	1	1	0
        3	2023-07-01 07:11:11	1	0	1	0
       21	2023-07-01 07:11:17	1	0	1	0
       13	2023-07-01 07:14:57	1	0	1	0
        4	2023-07-01 07:15:59	1	0	1	0
       20	2023-07-01 07:32:00	1	0	1	0
       21	2023-07-01 17:01:40	1	1	1	0
        4	2023-07-01 17:05:18	1	1	1	0
        3	2023-07-01 17:05:21	1	1	1	0
       13	2023-07-01 17:05:32	1	1	1	0
       20	2023-07-01 17:05:45	1	1	1	0
        6	2023-07-02 07:06:37	1	0	1	0
       21	2023-07-02 07:06:42	1	0	1	0
       13	2023-07-02 07:19:27	1	0	1	0
        3	2023-07-02 07:29:58	1	0	1	0
        4	2023-07-02 07:45:19	1	0	1	0
        6	2023-07-02 17:03:12	1	1	1	0
       13	2023-07-02 17:05:24	1	1	1	0
       21	2023-07-02 17:05:44	1	1	1	0
        4	2023-07-02 17:07:01	1	1	1	0
        3	2023-07-02 17:07:07	1	1	1	0
       21	2023-07-03 07:00:36	1	0	1	0
        6	2023-07-03 07:00:38	1	0	1	0
       20	2023-07-03 07:00:44	1	0	1	0
        4	2023-07-03 07:01:04	1	0	1	0
        3	2023-07-03 07:02:05	1	0	1	0
       13	2023-07-03 07:19:54	1	0	1	0
       21	2023-07-03 17:09:43	1	1	1	0
       13	2023-07-03 17:13:18	1	1	1	0
        4	2023-07-03 17:15:24	1	1	1	0
        4	2023-07-03 17:15:27	1	1	1	0
       20	2023-07-03 17:15:29	1	1	1	0
       20	2023-07-03 17:15:32	1	1	1	0
        3	2023-07-03 17:15:35	1	1	1	0
        6	2023-07-04 07:00:14	1	0	1	0
       21	2023-07-04 07:00:20	1	0	1	0
        4	2023-07-04 07:02:30	1	0	1	0
        4	2023-07-04 07:02:33	1	0	1	0
       20	2023-07-04 07:13:14	1	0	1	0
       20	2023-07-04 07:13:18	1	0	1	0
       13	2023-07-04 07:19:16	1	0	1	0
        6	2023-07-04 16:58:11	1	1	1	0
       13	2023-07-04 16:58:47	1	0	1	0
       21	2023-07-04 16:58:56	1	1	1	0
        4	2023-07-04 16:59:01	1	1	1	0
       20	2023-07-04 16:59:20	1	1	1	0
        6	2023-07-05 07:06:04	1	0	1	0
       21	2023-07-05 07:06:08	1	0	1	0
       20	2023-07-05 07:06:13	1	0	1	0
       20	2023-07-05 07:06:16	1	0	1	0
        3	2023-07-05 07:14:56	1	0	1	0
        4	2023-07-05 07:17:19	1	0	1	0
       21	2023-07-05 17:07:17	1	1	1	0
        6	2023-07-05 17:07:23	1	1	1	0
        4	2023-07-05 17:07:54	1	1	1	0
        4	2023-07-05 17:07:56	1	1	1	0
        3	2023-07-05 17:07:58	1	1	1	0
       20	2023-07-05 17:08:07	1	1	1	0
       21	2023-07-05 17:08:39	1	1	1	0
        6	2023-07-06 07:02:09	1	0	1	0
       21	2023-07-06 07:02:13	1	0	1	0
       13	2023-07-06 07:20:03	1	0	1	0
        3	2023-07-06 07:34:55	1	0	1	0
       20	2023-07-06 07:35:09	1	0	1	0
        6	2023-07-06 17:00:06	1	1	1	0
       21	2023-07-06 17:02:44	1	1	1	0
       13	2023-07-06 17:10:20	1	1	1	0
       20	2023-07-06 17:10:24	1	1	1	0
       20	2023-07-06 17:10:26	1	1	1	0
        3	2023-07-06 17:10:29	1	1	1	0
        4	2023-07-07 07:11:33	1	0	1	0
       20	2023-07-07 07:11:38	1	0	1	0
        6	2023-07-07 07:13:55	1	0	1	0
       21	2023-07-07 07:13:59	1	0	1	0
       13	2023-07-07 07:15:45	1	0	1	0
        3	2023-07-07 07:22:53	1	0	1	0
        3	2023-07-07 07:22:56	1	0	1	0
       13	2023-07-07 17:41:02	1	1	1	0
       21	2023-07-07 17:41:53	1	1	1	0
        4	2023-07-07 17:43:54	1	1	1	0
        4	2023-07-07 17:43:58	1	1	1	0
       20	2023-07-07 17:45:18	1	1	1	0
       20	2023-07-07 17:45:22	1	1	1	0
        3	2023-07-07 17:46:29	1	1	1	0
        4	2023-07-08 06:57:07	1	0	1	0
        4	2023-07-08 06:57:10	1	0	1	0
        6	2023-07-08 07:00:40	1	4	1	0
       20	2023-07-08 07:07:38	1	0	1	0
       20	2023-07-08 07:07:41	1	0	1	0
       13	2023-07-08 07:16:46	1	0	1	0
        3	2023-07-08 07:27:17	1	0	1	0
        6	2023-07-08 17:00:10	1	1	1	0
        4	2023-07-08 17:01:42	1	1	1	0
       13	2023-07-08 17:01:46	1	1	1	0
       20	2023-07-08 17:01:49	1	1	1	0
        3	2023-07-08 17:01:53	1	1	1	0
       20	2023-07-09 07:03:04	1	0	1	0
       20	2023-07-09 07:03:11	1	0	1	0
        6	2023-07-09 07:13:30	1	0	1	0
       21	2023-07-09 07:13:56	1	0	1	0
       13	2023-07-09 07:24:16	1	0	1	0
        3	2023-07-09 07:29:46	1	0	1	0
        6	2023-07-09 17:06:17	1	1	1	0
       21	2023-07-09 17:06:37	1	1	1	0
       20	2023-07-09 17:06:50	1	1	1	0
       13	2023-07-09 17:08:52	1	1	1	0
        3	2023-07-09 17:09:22	1	1	1	0
        4	2023-07-10 07:06:27	1	0	1	0
        4	2023-07-10 07:06:30	1	0	1	0
       20	2023-07-10 07:14:10	1	0	1	0
       13	2023-07-10 07:14:29	1	0	1	0
       21	2023-07-10 07:16:32	1	0	1	0
        3	2023-07-10 07:28:00	1	0	1	0
       13	2023-07-10 12:03:20	1	1	1	0
       21	2023-07-10 17:10:44	1	1	1	0
        4	2023-07-10 17:11:07	1	1	1	0
       20	2023-07-10 17:11:37	1	1	1	0
        3	2023-07-10 17:12:44	1	1	1	0
        4	2023-07-11 07:10:12	1	0	1	0
        6	2023-07-11 07:14:27	1	0	1	0
       21	2023-07-11 07:14:34	1	0	1	0
        3	2023-07-11 07:18:07	1	0	1	0
       13	2023-07-11 07:19:27	1	0	1	0
       20	2023-07-11 07:23:45	1	0	1	0
        6	2023-07-11 17:21:45	1	1	1	0
       13	2023-07-11 17:22:04	1	1	1	0
       21	2023-07-11 17:22:08	1	1	1	0
       20	2023-07-11 17:22:15	1	1	1	0
        3	2023-07-11 17:22:19	1	1	1	0
        4	2023-07-11 17:22:27	1	1	1	0
       21	2023-07-12 07:05:19	1	0	1	0
        4	2023-07-12 07:09:26	1	0	1	0
        3	2023-07-12 07:13:35	1	0	1	0
       13	2023-07-12 07:16:52	1	0	1	0
       13	2023-07-12 16:59:22	1	1	1	0
        4	2023-07-12 16:59:27	1	1	1	0
       21	2023-07-12 16:59:36	1	1	1	0
        3	2023-07-12 16:59:42	1	1	1	0
       21	2023-07-13 07:06:52	1	0	1	0
        3	2023-07-13 07:14:11	1	0	1	0
       20	2023-07-13 07:15:43	1	0	1	0
        4	2023-07-13 07:23:52	1	0	1	0
       21	2023-07-13 17:25:11	1	1	1	0
        3	2023-07-13 17:25:42	1	1	1	0
       20	2023-07-13 17:25:49	1	0	1	0
        4	2023-07-13 17:26:08	1	1	1	0
        6	2023-07-14 07:04:52	1	0	1	0
       21	2023-07-14 07:04:56	1	0	1	0
        3	2023-07-14 07:12:00	1	0	1	0
        3	2023-07-14 07:12:04	1	0	1	0
       20	2023-07-14 07:15:18	1	0	1	0
       13	2023-07-14 07:17:37	1	0	1	0
        3	2023-07-14 17:12:55	1	1	1	0
        6	2023-07-14 17:13:09	1	1	1	0
       13	2023-07-14 17:13:11	1	1	1	0
       21	2023-07-14 17:13:16	1	1	1	0
       20	2023-07-14 17:13:19	1	1	1	0
        6	2023-07-15 07:11:45	1	0	1	0
       20	2023-07-15 07:11:49	1	0	1	0
        3	2023-07-15 07:16:13	1	0	1	0
       13	2023-07-15 07:20:20	1	0	1	0
       13	2023-07-15 17:02:15	1	1	1	0
        6	2023-07-15 17:02:22	1	1	1	0
        3	2023-07-15 17:02:26	1	1	1	0
       20	2023-07-15 17:02:29	1	1	1	0
        6	2023-07-16 07:01:40	1	0	1	0
       21	2023-07-16 07:01:45	1	0	1	0
        4	2023-07-16 07:10:34	1	0	1	0
       20	2023-07-16 07:14:34	1	0	1	0
       13	2023-07-16 07:19:36	1	0	1	0
       13	2023-07-16 17:06:38	1	1	1	0
        6	2023-07-16 17:06:47	1	1	1	0
        4	2023-07-16 17:06:51	1	1	1	0
       21	2023-07-16 17:06:54	1	1	1	0
       20	2023-07-16 17:06:59	1	1	1	0
        6	2023-07-17 07:10:59	1	0	1	0
       21	2023-07-17 07:11:04	1	0	1	0
        4	2023-07-17 07:15:11	1	0	1	0
       13	2023-07-17 07:16:58	1	0	1	0
        3	2023-07-17 07:19:54	1	0	1	0
       20	2023-07-17 07:21:57	1	0	1	0
        6	2023-07-17 17:13:25	1	1	1	0
       13	2023-07-17 17:13:45	1	1	1	0
       21	2023-07-17 17:13:59	1	1	1	0
        4	2023-07-17 17:14:12	1	1	1	0
        3	2023-07-17 17:14:38	1	1	1	0
       20	2023-07-17 17:14:46	1	0	1	0
        6	2023-07-18 07:00:41	1	0	1	0
       21	2023-07-18 07:00:45	1	0	1	0
        4	2023-07-18 07:07:25	1	0	1	0
       13	2023-07-18 07:19:36	1	0	1	0
       20	2023-07-18 07:24:20	1	0	1	0
        6	2023-07-18 17:22:41	1	1	1	0
        4	2023-07-18 17:22:46	1	1	1	0
       13	2023-07-18 17:23:05	1	1	1	0
       20	2023-07-18 17:23:10	1	1	1	0
       21	2023-07-18 17:24:14	1	1	1	0
        6	2023-07-19 07:11:55	1	0	1	0
       21	2023-07-19 07:12:01	1	0	1	0
        3	2023-07-19 07:15:06	1	0	1	0
        3	2023-07-19 07:15:09	1	0	1	0
       13	2023-07-19 07:20:28	1	0	1	0
       13	2023-07-19 17:53:24	1	1	1	0
       21	2023-07-19 17:53:32	1	1	1	0
        6	2023-07-19 17:53:34	1	1	1	0
        3	2023-07-19 17:53:39	1	1	1	0
       21	2023-07-20 07:03:28	1	0	1	0
        6	2023-07-20 07:03:31	1	0	1	0
        3	2023-07-20 07:13:22	1	0	1	0
       20	2023-07-20 07:17:41	1	0	1	0
        4	2023-07-20 07:24:35	1	0	1	0
        6	2023-07-20 18:00:06	1	1	1	0
       21	2023-07-20 18:00:12	1	1	1	0
        4	2023-07-20 18:01:36	1	1	1	0
        4	2023-07-20 18:01:38	1	1	1	0
        3	2023-07-20 18:01:57	1	1	1	0
       20	2023-07-20 18:02:55	1	1	1	0
        6	2023-07-21 07:03:09	1	0	1	0
        4	2023-07-21 07:03:13	1	0	1	0
       21	2023-07-21 07:03:19	1	0	1	0
        3	2023-07-21 07:05:07	1	0	1	0
       20	2023-07-21 07:17:08	1	0	1	0
        6	2023-07-21 18:37:59	1	1	1	0
       21	2023-07-21 18:38:26	1	1	1	0
        3	2023-07-21 18:38:33	1	1	1	0
        3	2023-07-21 18:38:50	1	1	1	0
        4	2023-07-21 18:38:58	1	1	1	0
       20	2023-07-21 18:39:12	1	1	1	0
       20	2023-07-22 07:09:54	1	0	1	0
        4	2023-07-22 08:16:20	1	0	1	0
        3	2023-07-22 08:16:36	1	0	1	0
       21	2023-07-22 08:19:04	1	0	1	0
        6	2023-07-22 08:23:48	1	0	1	0
        6	2023-07-22 18:16:12	1	1	1	0
       21	2023-07-22 18:16:19	1	1	1	0
       20	2023-07-22 18:16:30	1	1	1	0
        4	2023-07-22 18:16:56	1	1	1	0
        3	2023-07-22 18:17:33	1	1	1	0
        4	2023-07-23 07:06:13	1	0	1	0
       20	2023-07-23 07:12:08	1	0	1	0
        3	2023-07-23 07:25:41	1	0	1	0
        3	2023-07-23 17:37:18	1	1	1	0
        4	2023-07-23 17:37:28	1	1	1	0
       20	2023-07-23 17:37:41	1	1	1	0
        6	2023-07-24 07:06:45	1	0	1	0
       21	2023-07-24 07:06:58	1	0	1	0
       13	2023-07-24 07:17:48	1	0	1	0
       20	2023-07-24 07:23:05	1	0	1	0
        4	2023-07-24 08:00:37	1	0	1	0
       13	2023-07-24 17:21:05	1	1	1	0
        6	2023-07-24 17:21:14	1	1	1	0
        4	2023-07-24 17:21:57	1	1	1	0
       21	2023-07-24 17:22:11	1	1	1	0
       20	2023-07-24 17:22:47	1	1	1	0
       20	2023-07-25 06:56:41	1	0	1	0
       21	2023-07-25 07:01:03	1	0	1	0
        6	2023-07-25 07:01:12	1	0	1	0
        3	2023-07-25 07:11:28	1	0	1	0
       13	2023-07-25 07:15:20	1	0	1	0
        6	2023-07-25 16:57:12	1	0	1	0
       21	2023-07-25 16:57:45	1	1	1	0
       13	2023-07-25 17:00:05	1	0	1	0
        3	2023-07-25 17:00:15	1	1	1	0
       20	2023-07-25 17:00:18	1	1	1	0
       21	2023-07-26 07:07:32	1	0	1	0
        6	2023-07-26 07:07:43	1	0	1	0
       13	2023-07-26 07:09:40	1	0	1	0
        3	2023-07-26 07:10:11	1	0	1	0
        4	2023-07-26 07:17:50	1	0	1	0
       13	2023-07-26 17:07:45	1	1	1	0
        3	2023-07-26 17:07:58	1	1	1	0
       21	2023-07-26 17:08:10	1	1	1	0
        6	2023-07-26 17:08:32	1	1	1	0
        4	2023-07-26 17:08:45	1	0	1	0
        6	2023-07-27 07:03:24	1	0	1	0
       21	2023-07-27 07:03:31	1	0	1	0
       13	2023-07-27 07:12:56	1	0	1	0
        3	2023-07-27 07:14:44	1	0	1	0
        4	2023-07-27 07:15:37	1	0	1	0
       20	2023-07-27 07:28:43	1	0	1	0
       13	2023-07-27 17:11:11	1	1	1	0
       21	2023-07-27 17:11:18	1	1	1	0
        6	2023-07-27 17:11:27	1	1	1	0
        3	2023-07-27 17:11:41	1	1	1	0
       20	2023-07-27 17:11:49	1	1	1	0
        4	2023-07-27 17:11:55	1	1	1	0
        6	2023-07-28 06:58:45	1	4	1	0
       21	2023-07-28 06:59:09	1	4	1	0
        3	2023-07-28 07:05:35	1	0	1	0
       13	2023-07-28 07:05:45	1	0	1	0
       20	2023-07-28 07:06:14	1	0	1	0
        4	2023-07-28 07:22:12	1	0	1	0
        6	2023-07-28 17:25:08	1	1	1	0
       21	2023-07-28 17:25:37	1	1	1	0
        4	2023-07-28 17:26:01	1	1	1	0
        3	2023-07-28 17:26:20	1	1	1	0
       13	2023-07-28 17:26:45	1	1	1	0
       20	2023-07-28 17:30:37	1	1	1	0
        6	2023-07-29 06:59:20	1	4	1	0
       21	2023-07-29 06:59:43	1	4	1	0
        3	2023-07-29 07:02:23	1	0	1	0
       13	2023-07-29 07:04:40	1	0	1	0
        4	2023-07-29 07:18:19	1	0	1	0
       20	2023-07-29 07:18:25	1	0	1	0
        6	2023-07-29 17:06:25	1	1	1	0
       13	2023-07-29 17:06:34	1	1	1	0
       21	2023-07-29 17:07:36	1	1	1	0
        3	2023-07-29 17:08:49	1	1	1	0
       20	2023-07-29 17:09:08	1	1	1	0
        4	2023-07-29 17:10:17	1	1	1	0
        6	2023-07-30 07:08:10	1	0	1	0
       20	2023-07-30 07:13:06	1	0	1	0
       13	2023-07-30 07:14:05	1	0	1	0
        4	2023-07-30 07:26:40	1	0	1	0
        3	2023-07-30 07:32:10	1	0	1	0
        6	2023-07-30 17:25:06	1	1	1	0
       13	2023-07-30 17:25:11	1	1	1	0
        4	2023-07-30 17:30:24	1	1	1	0
        3	2023-07-30 17:30:48	1	1	1	0
       20	2023-07-30 17:30:56	1	1	1	0
       21	2023-07-31 07:03:12	1	0	1	0
       13	2023-07-31 07:08:18	1	0	1	0
       20	2023-07-31 07:10:49	1	0	1	0
        3	2023-07-31 07:21:04	1	0	1	0
        4	2023-07-31 07:27:53	1	0	1	0
       21	2023-07-31 17:24:22	1	1	1	0
       13	2023-07-31 17:33:02	1	1	1	0
        4	2023-07-31 17:33:10	1	1	1	0
        3	2023-07-31 17:33:14	1	1	1	0
       20	2023-07-31 17:33:19	1	1	1	0
        6	2023-08-01 07:07:53	1	0	1	0
       21	2023-08-01 07:08:00	1	0	1	0
        4	2023-08-01 07:11:27	1	0	1	0
       13	2023-08-01 07:18:48	1	0	1	0
       20	2023-08-01 07:32:17	1	0	1	0
