       16	2023-01-02 08:47:10	1	0	1	0
       15	2023-01-02 08:50:58	1	0	1	0
       17	2023-01-02 12:05:51	1	0	1	0
       19	2023-01-02 12:09:20	1	0	1	0
       16	2023-01-02 16:06:03	1	1	1	0
       15	2023-01-02 17:06:33	1	1	1	0
       17	2023-01-02 21:03:20	1	1	1	0
       19	2023-01-02 21:03:29	1	1	1	0
       16	2023-01-03 06:56:39	1	0	1	0
       15	2023-01-03 07:35:40	1	0	1	0
       17	2023-01-03 12:04:01	1	0	1	0
       19	2023-01-03 12:07:44	1	0	1	0
       16	2023-01-03 16:04:05	1	1	1	0
       15	2023-01-03 17:05:13	1	1	1	0
       17	2023-01-03 21:19:18	1	1	1	0
       19	2023-01-03 21:19:28	1	1	1	0
       16	2023-01-06 06:58:35	1	0	1	0
       15	2023-01-06 07:48:09	1	0	1	0
       19	2023-01-06 12:03:47	1	0	1	0
       17	2023-01-06 12:06:22	1	0	1	0
       16	2023-01-06 16:07:55	1	1	1	0
       15	2023-01-06 17:03:05	1	1	1	0
       17	2023-01-06 21:06:15	1	1	1	0
       19	2023-01-06 21:07:13	1	1	1	0
       16	2023-01-07 06:52:03	1	0	1	0
        3	2023-01-07 07:13:16	1	0	1	0
        3	2023-01-07 07:13:19	1	0	1	0
       15	2023-01-07 07:27:14	1	0	1	0
       19	2023-01-07 12:05:50	1	0	1	0
       17	2023-01-07 12:11:39	1	0	1	0
       16	2023-01-07 16:04:04	1	1	1	0
       15	2023-01-07 17:36:59	1	1	1	0
       19	2023-01-07 21:20:53	1	1	1	0
       17	2023-01-07 21:21:02	1	1	1	0
       16	2023-01-08 06:54:17	1	0	1	0
        3	2023-01-08 07:15:56	1	0	1	0
       15	2023-01-08 07:33:01	1	0	1	0
       17	2023-01-08 12:09:09	1	0	1	0
       19	2023-01-08 12:10:38	1	0	1	0
       16	2023-01-08 16:04:28	1	1	1	0
       15	2023-01-08 17:14:08	1	1	1	0
       17	2023-01-08 21:02:07	1	1	1	0
       19	2023-01-08 21:02:12	1	1	1	0
       17	2023-01-09 06:55:10	1	0	1	0
       19	2023-01-09 06:56:24	1	0	1	0
       15	2023-01-09 07:46:20	1	0	1	0
       16	2023-01-09 12:07:13	1	0	1	0
        3	2023-01-09 12:32:07	1	0	1	0
       17	2023-01-09 16:04:21	1	1	1	0
       19	2023-01-09 16:04:24	1	1	1	0
       15	2023-01-09 17:36:57	1	1	1	0
        3	2023-01-09 21:07:24	1	1	1	0
       16	2023-01-09 21:08:07	1	1	1	0
       17	2023-01-10 06:57:37	1	0	1	0
       19	2023-01-10 07:02:52	1	0	1	0
       15	2023-01-10 07:32:55	1	0	1	0
       16	2023-01-10 11:54:27	1	0	1	0
        3	2023-01-10 12:22:14	1	0	1	0
       17	2023-01-10 16:07:27	1	1	1	0
       19	2023-01-10 16:07:42	1	1	1	0
       15	2023-01-10 17:11:48	1	1	1	0
        3	2023-01-10 21:02:45	1	1	1	0
       16	2023-01-10 21:03:02	1	1	1	0
       19	2023-01-11 06:57:22	1	0	1	0
       17	2023-01-11 06:57:33	1	0	1	0
       15	2023-01-11 08:18:41	1	0	1	0
       16	2023-01-11 11:52:19	1	0	1	0
        3	2023-01-11 12:14:10	1	0	1	0
       22	2023-01-11 13:41:48	1	0	1	0
       19	2023-01-11 16:01:30	1	1	1	0
       17	2023-01-11 16:01:46	1	1	1	0
       15	2023-01-11 17:35:43	1	4	1	0
       15	2023-01-11 17:35:50	1	1	1	0
        3	2023-01-11 21:03:33	1	1	1	0
       16	2023-01-11 21:03:41	1	1	1	0
       17	2023-01-12 06:52:18	1	0	1	0
       19	2023-01-12 06:55:04	1	0	1	0
        3	2023-01-12 07:31:59	1	0	1	0
       16	2023-01-12 11:53:24	1	0	1	0
       17	2023-01-12 16:05:52	1	1	1	0
       19	2023-01-12 21:02:49	1	1	1	0
       16	2023-01-12 21:02:57	1	1	1	0
       19	2023-01-13 06:53:49	1	0	1	0
       17	2023-01-13 06:54:02	1	0	1	0
       16	2023-01-13 11:51:09	1	0	1	0
       15	2023-01-13 12:11:17	1	0	1	0
       17	2023-01-13 16:06:38	1	1	1	0
       19	2023-01-13 16:06:43	1	1	1	0
       16	2023-01-13 21:03:57	1	1	1	0
       15	2023-01-13 21:04:06	1	1	1	0
       16	2023-01-14 06:52:08	1	0	1	0
       19	2023-01-14 07:00:13	1	0	1	0
        3	2023-01-14 07:36:18	1	0	1	0
       15	2023-01-14 12:24:38	1	0	1	0
       19	2023-01-14 16:04:05	1	1	1	0
       15	2023-01-14 21:03:04	1	1	1	0
       16	2023-01-14 21:03:09	1	1	1	0
       15	2023-01-15 06:58:21	1	0	1	0
       17	2023-01-15 06:58:46	1	0	1	0
        3	2023-01-15 07:27:42	1	0	1	0
       17	2023-01-15 21:04:15	1	1	1	0
       15	2023-01-15 21:04:21	1	1	1	0
       22	2023-01-16 06:55:14	1	0	1	0
       17	2023-01-16 06:55:20	1	0	1	0
       15	2023-01-16 07:21:35	1	0	1	0
        3	2023-01-16 07:23:04	1	0	1	0
       16	2023-01-16 11:52:47	1	0	1	0
       19	2023-01-16 12:04:30	1	0	1	0
       17	2023-01-16 16:02:49	1	1	1	0
       22	2023-01-16 16:02:57	1	1	1	0
       15	2023-01-16 17:10:58	1	1	1	0
       19	2023-01-16 21:04:09	1	1	1	0
       16	2023-01-16 21:04:33	1	1	1	0
       17	2023-01-17 06:57:59	1	0	1	0
       22	2023-01-17 06:58:06	1	0	1	0
       15	2023-01-17 07:09:57	1	0	1	0
        3	2023-01-17 07:24:35	1	0	1	0
       16	2023-01-17 11:54:50	1	0	1	0
       19	2023-01-17 11:59:11	1	0	1	0
       22	2023-01-17 16:01:55	1	1	1	0
       17	2023-01-17 16:02:10	1	1	1	0
       15	2023-01-17 17:35:54	1	1	1	0
       19	2023-01-17 21:03:16	1	1	1	0
       16	2023-01-17 21:03:20	1	1	1	0
       22	2023-01-18 06:59:18	1	0	1	0
       17	2023-01-18 06:59:36	1	0	1	0
       15	2023-01-18 07:15:15	1	0	1	0
       15	2023-01-18 17:10:48	1	1	1	0
       17	2023-01-18 21:06:35	1	1	1	0
       22	2023-01-18 21:06:42	1	1	1	0
       17	2023-01-19 06:59:26	1	0	1	0
       22	2023-01-19 06:59:35	1	0	1	0
        3	2023-01-19 07:25:20	1	0	1	0
        3	2023-01-19 07:25:23	1	0	1	0
       15	2023-01-19 07:28:19	1	0	1	0
       16	2023-01-19 11:52:33	1	0	1	0
       19	2023-01-19 12:00:40	1	0	1	0
       17	2023-01-19 16:04:25	1	1	1	0
       22	2023-01-19 16:04:41	1	1	1	0
       15	2023-01-19 17:39:08	1	1	1	0
       19	2023-01-19 21:03:28	1	1	1	0
       16	2023-01-19 21:03:41	1	1	1	0
       17	2023-01-20 06:58:14	1	0	1	0
       22	2023-01-20 07:01:24	1	0	1	0
        3	2023-01-20 07:10:00	1	0	1	0
        3	2023-01-20 07:10:05	1	0	1	0
       15	2023-01-20 07:11:48	1	0	1	0
       16	2023-01-20 11:51:07	1	0	1	0
       17	2023-01-20 16:49:46	1	1	1	0
       22	2023-01-20 16:50:04	1	1	1	0
       16	2023-01-20 21:09:16	1	1	1	0
       15	2023-01-20 21:09:19	1	1	1	0
       17	2023-01-21 06:58:08	1	0	1	0
        3	2023-01-21 07:20:32	1	0	1	0
        3	2023-01-21 07:20:36	1	0	1	0
       16	2023-01-21 11:58:44	1	0	1	0
       15	2023-01-21 12:26:12	1	0	1	0
       17	2023-01-21 16:04:39	1	1	1	0
        3	2023-01-21 17:14:15	1	1	1	0
       15	2023-01-21 21:03:24	1	1	1	0
       16	2023-01-21 21:03:43	1	1	1	0
       16	2023-01-22 06:53:26	1	0	1	0
        3	2023-01-22 07:23:06	1	0	1	0
        3	2023-01-22 07:23:10	1	0	1	0
       22	2023-01-22 12:01:14	1	0	1	0
        3	2023-01-22 17:13:53	1	1	1	0
       16	2023-01-22 21:03:03	1	1	1	0
       22	2023-01-22 21:03:10	1	1	1	0
       16	2023-01-23 06:55:29	1	0	1	0
       15	2023-01-23 07:18:48	1	0	1	0
        3	2023-01-23 07:22:29	1	0	1	0
       22	2023-01-23 11:48:22	1	0	1	0
       17	2023-01-23 12:11:07	1	0	1	0
       16	2023-01-23 16:06:32	1	1	1	0
       15	2023-01-23 17:14:07	1	1	1	0
       17	2023-01-23 21:08:19	1	1	1	0
       22	2023-01-23 21:08:26	1	1	1	0
       16	2023-01-24 06:56:32	1	0	1	0
       19	2023-01-24 06:56:36	1	0	1	0
        3	2023-01-24 07:14:02	1	0	1	0
       15	2023-01-24 07:20:30	1	0	1	0
       22	2023-01-24 12:01:36	1	0	1	0
       17	2023-01-24 12:06:56	1	0	1	0
       19	2023-01-24 16:01:10	1	1	1	0
       16	2023-01-24 16:04:54	1	1	1	0
       15	2023-01-24 17:13:19	1	1	1	0
       17	2023-01-24 21:04:07	1	1	1	0
       22	2023-01-24 21:04:14	1	1	1	0
       16	2023-01-25 06:55:00	1	0	1	0
       19	2023-01-25 07:03:44	1	0	1	0
       15	2023-01-25 07:24:25	1	0	1	0
       15	2023-01-25 07:24:44	1	0	1	0
       22	2023-01-25 11:42:11	1	0	1	0
       17	2023-01-25 12:07:29	1	0	1	0
       19	2023-01-25 16:02:56	1	1	1	0
       16	2023-01-25 16:06:15	1	1	1	0
       15	2023-01-25 17:45:03	1	1	1	0
       17	2023-01-25 21:11:43	1	1	1	0
       22	2023-01-25 21:11:48	1	1	1	0
       16	2023-01-26 06:58:50	1	0	1	0
       19	2023-01-26 07:04:57	1	0	1	0
        3	2023-01-26 07:17:55	1	0	1	0
       22	2023-01-26 11:49:15	1	0	1	0
       17	2023-01-26 12:10:52	1	0	1	0
       19	2023-01-26 16:07:41	1	1	1	0
       16	2023-01-26 16:10:38	1	1	1	0
       17	2023-01-26 21:16:09	1	1	1	0
       22	2023-01-26 21:16:13	1	1	1	0
       16	2023-01-27 06:55:31	1	0	1	0
       19	2023-01-27 07:06:09	1	0	1	0
        3	2023-01-27 07:18:25	1	0	1	0
       22	2023-01-27 11:30:12	1	0	1	0
       17	2023-01-27 11:51:56	1	0	1	0
       19	2023-01-27 16:05:41	1	1	1	0
       16	2023-01-27 16:22:09	1	1	1	0
       16	2023-01-28 07:03:57	1	0	1	0
       19	2023-01-28 07:08:49	1	0	1	0
        3	2023-01-28 07:19:29	1	0	1	0
       19	2023-01-28 21:04:19	1	1	1	0
       16	2023-01-28 21:04:23	1	1	1	0
       17	2023-01-29 06:49:58	1	0	1	0
       22	2023-01-29 07:06:04	1	0	1	0
        3	2023-01-29 07:20:24	1	0	1	0
       17	2023-01-29 21:06:13	1	1	1	0
       22	2023-01-29 21:06:20	1	1	1	0
       17	2023-01-30 06:51:41	1	0	1	0
       19	2023-01-30 07:01:53	1	0	1	0
        3	2023-01-30 07:17:32	1	0	1	0
       16	2023-01-30 11:54:10	1	0	1	0
       22	2023-01-30 11:57:00	1	0	1	0
       17	2023-01-30 16:01:06	1	1	1	0
       19	2023-01-30 16:03:38	1	1	1	0
        3	2023-01-30 17:56:42	1	1	1	0
       16	2023-01-30 21:06:20	1	1	1	0
       22	2023-01-30 21:06:27	1	1	1	0
       17	2023-01-31 06:50:30	1	0	1	0
       19	2023-01-31 06:55:23	1	0	1	0
        3	2023-01-31 07:02:44	1	0	1	0
       22	2023-01-31 11:41:34	1	0	1	0
       16	2023-01-31 11:55:23	1	0	1	0
       19	2023-01-31 16:11:09	1	1	1	0
       17	2023-01-31 16:11:52	1	1	1	0
       22	2023-01-31 21:02:59	1	1	1	0
       16	2023-01-31 21:03:07	1	1	1	0
       17	2023-02-01 06:55:20	1	0	1	0
       19	2023-02-01 07:01:49	1	0	1	0
        3	2023-02-01 07:17:37	1	0	1	0
        3	2023-02-01 07:18:25	1	0	1	0
       22	2023-02-01 11:49:44	1	0	1	0
       16	2023-02-01 11:56:27	1	0	1	0
       17	2023-02-01 16:13:51	1	1	1	0
       19	2023-02-01 16:16:20	1	1	1	0
       16	2023-02-01 21:02:07	1	1	1	0
       22	2023-02-01 21:02:23	1	1	1	0
       17	2023-02-02 06:50:05	1	0	1	0
       19	2023-02-02 07:03:41	1	0	1	0
       22	2023-02-02 11:51:52	1	0	1	0
       16	2023-02-02 11:52:41	1	0	1	0
       17	2023-02-02 16:02:35	1	1	1	0
       19	2023-02-02 16:04:29	1	1	1	0
       22	2023-02-02 21:18:43	1	1	1	0
       16	2023-02-02 21:18:55	1	1	1	0
       16	2023-02-03 06:57:57	1	0	1	0
       19	2023-02-03 07:04:40	1	0	1	0
        3	2023-02-03 07:12:01	1	0	1	0
       22	2023-02-03 11:39:07	1	0	1	0
       17	2023-02-03 11:49:23	1	0	1	0
       16	2023-02-03 16:11:08	1	1	1	0
       19	2023-02-03 16:11:18	1	1	1	0
       22	2023-02-03 21:09:36	1	1	1	0
       17	2023-02-03 21:10:31	1	1	1	0
       17	2023-02-04 06:50:08	1	0	1	0
       22	2023-02-04 06:57:41	1	0	1	0
        3	2023-02-04 07:27:46	1	0	1	0
       22	2023-02-04 21:31:15	1	1	1	0
       17	2023-02-04 21:31:22	1	1	1	0
       16	2023-02-05 06:57:37	1	0	1	0
       19	2023-02-05 07:02:51	1	0	1	0
        3	2023-02-05 07:22:58	1	0	1	0
       19	2023-02-05 21:01:08	1	1	1	0
       16	2023-02-05 21:01:12	1	1	1	0
       16	2023-02-06 06:57:12	1	0	1	0
       22	2023-02-06 07:01:28	1	0	1	0
        3	2023-02-06 07:26:25	1	0	1	0
       19	2023-02-06 12:04:30	1	0	1	0
       17	2023-02-06 12:10:05	1	0	1	0
       16	2023-02-06 16:23:37	1	1	1	0
       22	2023-02-06 16:24:26	1	0	1	0
       19	2023-02-06 21:04:31	1	1	1	0
       17	2023-02-06 21:04:36	1	1	1	0
       16	2023-02-07 06:56:14	1	0	1	0
       22	2023-02-07 06:56:23	1	0	1	0
        3	2023-02-07 07:27:16	1	0	1	0
       19	2023-02-07 11:53:18	1	0	1	0
       17	2023-02-07 12:04:01	1	0	1	0
       22	2023-02-07 16:07:34	1	1	1	0
       16	2023-02-07 16:08:20	1	1	1	0
       19	2023-02-07 21:04:04	1	1	1	0
       17	2023-02-07 21:04:08	1	1	1	0
       16	2023-02-08 06:57:25	1	0	1	0
       22	2023-02-08 06:58:26	1	0	1	0
        3	2023-02-08 07:31:56	1	0	1	0
        3	2023-02-08 07:31:59	1	0	1	0
       19	2023-02-08 12:06:24	1	0	1	0
       17	2023-02-08 12:14:47	1	0	1	0
       16	2023-02-08 16:08:03	1	1	1	0
       22	2023-02-08 16:08:58	1	1	1	0
       17	2023-02-08 21:03:38	1	1	1	0
       19	2023-02-08 21:03:42	1	1	1	0
       16	2023-02-09 06:57:13	1	0	1	0
       22	2023-02-09 06:57:20	1	0	1	0
       17	2023-02-09 11:35:30	1	0	1	0
       19	2023-02-09 11:50:45	1	0	1	0
       16	2023-02-09 16:06:23	1	1	1	0
       22	2023-02-09 16:10:14	1	1	1	0
       19	2023-02-09 21:03:41	1	1	1	0
       17	2023-02-09 21:03:44	1	1	1	0
       16	2023-02-10 06:59:19	1	0	1	0
       22	2023-02-10 07:03:13	1	0	1	0
        3	2023-02-10 07:31:30	1	0	1	0
       17	2023-02-10 10:34:41	1	0	1	0
       16	2023-02-10 10:36:41	1	1	1	0
       19	2023-02-10 11:45:11	1	0	1	0
       22	2023-02-10 16:13:11	1	1	1	0
       17	2023-02-10 21:02:55	1	1	1	0
       19	2023-02-10 21:03:04	1	1	1	0
       17	2023-02-11 06:55:57	1	0	1	0
       19	2023-02-11 07:11:39	1	0	1	0
        3	2023-02-11 07:44:23	1	0	1	0
       17	2023-02-11 21:05:10	1	1	1	0
       19	2023-02-11 21:05:15	1	1	1	0
       16	2023-02-12 07:01:07	1	0	1	0
       22	2023-02-12 07:01:19	1	0	1	0
        3	2023-02-12 07:49:00	1	0	1	0
       16	2023-02-12 21:05:55	1	1	1	0
       22	2023-02-12 21:06:04	1	1	1	0
       17	2023-02-13 06:56:43	1	0	1	0
       19	2023-02-13 06:57:40	1	0	1	0
        3	2023-02-13 07:38:08	1	0	1	0
       22	2023-02-13 11:54:01	1	0	1	0
       16	2023-02-13 11:55:58	1	0	1	0
       17	2023-02-13 16:18:11	1	1	1	0
       19	2023-02-13 16:18:33	1	1	1	0
       22	2023-02-13 21:22:01	1	1	1	0
       16	2023-02-13 21:22:06	1	1	1	0
       17	2023-02-14 06:50:57	1	0	1	0
       19	2023-02-14 06:56:32	1	0	1	0
       22	2023-02-14 11:53:00	1	0	1	0
       16	2023-02-14 11:55:21	1	0	1	0
       17	2023-02-14 16:11:32	1	1	1	0
       19	2023-02-14 16:11:45	1	1	1	0
       16	2023-02-14 21:05:13	1	1	1	0
       22	2023-02-14 21:05:25	1	1	1	0
       17	2023-02-15 06:53:31	1	0	1	0
       19	2023-02-15 06:56:50	1	0	1	0
       22	2023-02-15 11:53:55	1	0	1	0
       16	2023-02-15 11:56:59	1	0	1	0
       19	2023-02-15 16:23:24	1	1	1	0
       17	2023-02-15 16:23:26	1	1	1	0
       22	2023-02-15 21:02:56	1	1	1	0
       16	2023-02-15 21:03:14	1	1	1	0
       17	2023-02-16 06:51:16	1	0	1	0
       19	2023-02-16 06:54:43	1	0	1	0
       22	2023-02-16 11:55:37	1	0	1	0
       16	2023-02-16 11:55:55	1	0	1	0
       17	2023-02-16 16:10:28	1	1	1	0
       19	2023-02-16 16:10:39	1	1	1	0
       22	2023-02-16 21:01:09	1	1	1	0
       16	2023-02-16 21:01:17	1	1	1	0
       17	2023-02-17 06:53:32	1	0	1	0
       19	2023-02-17 06:56:38	1	0	1	0
       22	2023-02-17 11:30:17	1	0	1	0
       16	2023-02-17 11:46:55	1	0	1	0
       17	2023-02-17 16:01:41	1	1	1	0
       19	2023-02-17 16:02:06	1	1	1	0
       22	2023-02-17 21:03:04	1	1	1	0
       16	2023-02-17 21:03:08	1	1	1	0
       17	2023-02-18 06:46:05	1	0	1	0
        3	2023-02-18 07:15:05	1	0	1	0
       22	2023-02-18 07:46:21	1	0	1	0
       17	2023-02-18 21:24:57	1	1	1	0
       22	2023-02-18 21:25:01	1	1	1	0
       16	2023-02-19 06:53:02	1	0	1	0
       19	2023-02-19 06:56:04	1	0	1	0
       16	2023-02-19 21:01:37	1	1	1	0
       19	2023-02-19 21:01:45	1	1	1	0
       16	2023-02-20 06:56:14	1	0	1	0
       22	2023-02-20 06:57:35	1	0	1	0
       19	2023-02-20 11:42:44	1	0	1	0
       17	2023-02-20 12:00:30	1	0	1	0
       16	2023-02-20 16:40:19	1	1	1	0
       22	2023-02-20 17:36:57	1	1	1	0
       17	2023-02-20 21:09:47	1	1	1	0
       19	2023-02-20 21:09:52	1	1	1	0
       16	2023-02-21 06:56:00	1	0	1	0
       22	2023-02-21 07:02:30	1	0	1	0
       19	2023-02-21 11:48:58	1	0	1	0
       17	2023-02-21 12:00:52	1	0	1	0
       22	2023-02-21 16:14:12	1	1	1	0
       16	2023-02-21 16:15:10	1	1	1	0
       17	2023-02-21 21:03:21	1	1	1	0
       19	2023-02-21 21:03:24	1	1	1	0
       16	2023-02-22 06:57:52	1	0	1	0
       22	2023-02-22 07:02:46	1	0	1	0
       19	2023-02-22 11:50:04	1	0	1	0
       22	2023-02-22 16:02:58	1	1	1	0
       16	2023-02-22 16:03:07	1	1	1	0
       17	2023-02-22 21:16:00	1	1	1	0
       19	2023-02-22 21:16:02	1	1	1	0
       16	2023-02-23 06:56:23	1	0	1	0
       22	2023-02-23 06:56:49	1	0	1	0
       19	2023-02-23 11:53:52	1	0	1	0
       17	2023-02-23 12:01:25	1	0	1	0
       16	2023-02-23 16:09:31	1	1	1	0
       22	2023-02-23 16:09:40	1	1	1	0
       19	2023-02-23 21:06:04	1	1	1	0
       17	2023-02-23 21:06:12	1	1	1	0
       16	2023-02-24 06:57:57	1	0	1	0
       22	2023-02-24 07:02:28	1	0	1	0
       19	2023-02-24 11:54:18	1	0	1	0
       17	2023-02-24 11:57:41	1	0	1	0
       22	2023-02-24 16:08:32	1	1	1	0
       16	2023-02-24 16:08:48	1	1	1	0
       17	2023-02-24 21:36:42	1	1	1	0
       19	2023-02-24 21:41:18	1	1	1	0
       17	2023-02-25 06:57:31	1	0	1	0
       19	2023-02-25 06:59:47	1	0	1	0
       17	2023-02-25 21:05:07	1	1	1	0
       19	2023-02-25 21:05:15	1	1	1	0
       16	2023-02-26 06:57:07	1	0	1	0
       22	2023-02-26 06:57:19	1	0	1	0
       16	2023-02-26 21:48:01	1	1	1	0
       22	2023-02-26 21:48:12	1	1	1	0
       17	2023-02-26 21:48:15	1	1	1	0
       17	2023-02-27 06:57:00	1	0	1	0
       19	2023-02-27 06:57:45	1	0	1	0
       22	2023-02-27 11:35:20	1	0	1	0
       16	2023-02-27 11:53:58	1	0	1	0
       17	2023-02-27 16:02:44	1	1	1	0
       19	2023-02-27 16:03:38	1	1	1	0
       16	2023-02-27 21:25:19	1	1	1	0
       22	2023-02-27 21:25:26	1	1	1	0
       17	2023-02-28 06:41:12	1	0	1	0
       19	2023-02-28 06:56:13	1	0	1	0
       22	2023-02-28 11:53:49	1	0	1	0
       16	2023-02-28 11:59:11	1	0	1	0
       17	2023-02-28 16:04:35	1	1	1	0
       19	2023-02-28 16:05:00	1	1	1	0
       16	2023-02-28 21:04:55	1	1	1	0
       22	2023-02-28 21:05:02	1	1	1	0
       17	2023-03-01 06:46:19	1	0	1	0
       19	2023-03-01 06:57:31	1	0	1	0
       16	2023-03-01 11:53:52	1	0	1	0
       22	2023-03-01 12:02:13	1	0	1	0
       17	2023-03-01 16:04:13	1	1	1	0
       19	2023-03-01 16:04:20	1	1	1	0
       22	2023-03-01 21:05:14	1	1	1	0
       16	2023-03-01 21:05:22	1	1	1	0
       17	2023-03-02 06:42:07	1	0	1	0
       17	2023-03-02 06:45:08	1	0	1	0
       19	2023-03-02 06:55:15	1	0	1	0
       16	2023-03-02 11:56:42	1	0	1	0
       22	2023-03-02 12:01:05	1	0	1	0
       19	2023-03-02 16:04:41	1	1	1	0
       17	2023-03-02 16:04:57	1	1	1	0
       22	2023-03-02 21:02:25	1	1	1	0
       16	2023-03-02 21:02:29	1	1	1	0
       17	2023-03-03 06:55:13	1	0	1	0
       19	2023-03-03 06:59:51	1	0	1	0
       22	2023-03-03 11:38:02	1	0	1	0
       16	2023-03-03 11:52:51	1	0	1	0
       19	2023-03-03 16:05:40	1	1	1	0
       17	2023-03-03 16:07:35	1	1	1	0
       16	2023-03-03 21:02:09	1	1	1	0
       22	2023-03-03 21:02:17	1	1	1	0
       16	2023-03-04 06:55:03	1	0	1	0
       22	2023-03-04 06:55:19	1	0	1	0
       22	2023-03-04 21:04:21	1	1	1	0
       16	2023-03-04 21:04:24	1	1	1	0
       17	2023-03-05 06:34:29	1	0	1	0
       19	2023-03-05 07:02:26	1	0	1	0
       17	2023-03-05 21:02:14	1	1	1	0
       19	2023-03-05 21:02:18	1	1	1	0
       17	2023-03-06 06:41:17	1	0	1	0
       22	2023-03-06 06:57:31	1	0	1	0
       16	2023-03-06 11:54:05	1	0	1	0
       19	2023-03-06 11:54:37	1	0	1	0
       17	2023-03-06 16:01:17	1	1	1	0
       22	2023-03-06 16:06:12	1	1	1	0
       17	2023-03-06 16:10:51	1	1	1	0
       19	2023-03-06 21:05:07	1	1	1	0
       16	2023-03-06 21:05:26	1	1	1	0
       17	2023-03-07 06:36:33	1	0	1	0
       22	2023-03-07 06:53:12	1	0	1	0
       19	2023-03-07 11:54:21	1	0	1	0
       16	2023-03-07 11:55:08	1	0	1	0
       22	2023-03-07 16:26:36	1	1	1	0
       17	2023-03-07 16:41:36	1	1	1	0
       16	2023-03-07 21:02:17	1	1	1	0
       19	2023-03-07 21:02:27	1	1	1	0
       17	2023-03-08 06:40:11	1	0	1	0
       22	2023-03-08 06:57:38	1	0	1	0
       19	2023-03-08 11:57:00	1	0	1	0
       16	2023-03-08 11:57:38	1	0	1	0
       22	2023-03-08 16:08:53	1	1	1	0
       17	2023-03-08 16:09:49	1	1	1	0
       19	2023-03-08 21:08:08	1	1	1	0
       16	2023-03-08 21:08:22	1	1	1	0
       17	2023-03-09 06:36:54	1	0	1	0
       22	2023-03-09 06:52:46	1	0	1	0
       19	2023-03-09 11:49:13	1	0	1	0
       16	2023-03-09 11:55:51	1	0	1	0
       17	2023-03-09 16:07:33	1	1	1	0
       22	2023-03-09 16:07:44	1	1	1	0
       16	2023-03-09 21:03:18	1	1	1	0
       19	2023-03-09 21:03:25	1	1	1	0
       17	2023-03-10 06:37:19	1	0	1	0
       22	2023-03-10 06:52:01	1	0	1	0
       16	2023-03-10 11:56:02	1	0	1	0
       19	2023-03-10 12:00:10	1	0	1	0
       17	2023-03-10 16:04:29	1	1	1	0
       22	2023-03-10 16:06:09	1	1	1	0
       19	2023-03-10 21:06:47	1	1	1	0
       16	2023-03-10 21:06:54	1	1	1	0
       16	2023-03-11 06:54:11	1	0	1	0
       19	2023-03-11 06:55:29	1	0	1	0
       19	2023-03-11 21:15:54	1	1	1	0
       16	2023-03-11 21:15:58	1	1	1	0
       17	2023-03-12 06:48:09	1	0	1	0
       22	2023-03-12 06:48:44	1	0	1	0
       17	2023-03-12 21:06:06	1	1	1	0
       22	2023-03-12 21:06:14	1	1	1	0
       19	2023-03-13 06:59:18	1	0	1	0
       16	2023-03-13 06:59:24	1	0	1	0
       22	2023-03-13 11:38:27	1	0	1	0
       17	2023-03-13 12:10:34	1	0	1	0
       19	2023-03-13 16:22:04	1	1	1	0
       16	2023-03-13 16:30:00	1	1	1	0
       22	2023-03-13 21:11:52	1	1	1	0
       17	2023-03-13 21:11:59	1	1	1	0
       16	2023-03-14 06:58:22	1	0	1	0
       22	2023-03-14 06:58:42	1	0	1	0
       19	2023-03-14 11:45:04	1	0	1	0
       17	2023-03-14 12:05:46	1	0	1	0
       22	2023-03-14 16:13:30	1	1	1	0
       16	2023-03-14 16:14:06	1	1	1	0
       17	2023-03-14 21:07:17	1	1	1	0
       19	2023-03-14 21:07:24	1	1	1	0
       16	2023-03-15 06:54:52	1	0	1	0
       19	2023-03-15 06:57:37	1	0	1	0
       22	2023-03-15 11:41:26	1	0	1	0
       17	2023-03-15 11:57:34	1	0	1	0
       16	2023-03-15 16:05:16	1	1	1	0
       19	2023-03-15 16:05:36	1	1	1	0
       17	2023-03-15 21:02:34	1	1	1	0
       22	2023-03-15 21:02:44	1	1	1	0
       16	2023-03-16 06:57:15	1	0	1	0
       19	2023-03-16 06:57:20	1	0	1	0
       22	2023-03-16 11:38:58	1	0	1	0
       17	2023-03-16 11:59:15	1	0	1	0
       19	2023-03-16 16:12:10	1	1	1	0
       16	2023-03-16 16:12:36	1	1	1	0
       17	2023-03-16 21:06:32	1	1	1	0
       22	2023-03-16 21:06:38	1	1	1	0
       19	2023-03-17 06:57:15	1	0	1	0
       16	2023-03-17 06:57:21	1	0	1	0
       22	2023-03-17 11:27:29	1	0	1	0
       17	2023-03-17 11:57:56	1	0	1	0
       19	2023-03-17 16:17:45	1	1	1	0
       16	2023-03-17 16:19:05	1	1	1	0
       22	2023-03-17 21:30:15	1	1	1	0
       17	2023-03-17 21:30:51	1	1	1	0
       17	2023-03-18 06:43:01	1	0	1	0
       22	2023-03-18 06:51:13	1	0	1	0
       22	2023-03-18 21:18:50	1	1	1	0
       17	2023-03-18 21:18:54	1	1	1	0
       16	2023-03-19 06:56:49	1	0	1	0
       19	2023-03-19 06:58:00	1	0	1	0
       19	2023-03-19 21:04:40	1	1	1	0
       16	2023-03-19 21:04:46	1	1	1	0
       17	2023-03-20 06:43:46	1	0	1	0
       22	2023-03-20 06:49:15	1	0	1	0
       19	2023-03-20 11:51:25	1	0	1	0
       16	2023-03-20 11:57:42	1	0	1	0
       22	2023-03-20 17:05:35	1	1	1	0
       17	2023-03-20 17:08:12	1	1	1	0
       19	2023-03-20 21:06:25	1	1	1	0
       16	2023-03-20 21:06:32	1	1	1	0
       17	2023-03-21 06:45:33	1	0	1	0
       22	2023-03-21 06:58:19	1	0	1	0
       19	2023-03-21 11:51:56	1	0	1	0
       16	2023-03-21 11:56:35	1	0	1	0
       17	2023-03-21 16:04:55	1	1	1	0
       22	2023-03-21 16:12:38	1	1	1	0
       19	2023-03-21 21:10:34	1	1	1	0
       16	2023-03-21 21:10:38	1	1	1	0
       17	2023-03-22 06:46:51	1	0	1	0
       22	2023-03-22 06:55:16	1	0	1	0
       16	2023-03-22 10:49:52	1	0	1	0
       19	2023-03-22 10:57:19	1	0	1	0
       17	2023-03-22 12:03:56	1	1	1	0
       22	2023-03-22 12:34:46	1	1	1	0
       16	2023-03-22 16:10:54	1	1	1	0
       19	2023-03-22 16:11:02	1	1	1	0
       17	2023-03-23 06:42:10	1	0	1	0
       22	2023-03-23 06:50:48	1	0	1	0
       19	2023-03-23 11:48:26	1	0	1	0
       16	2023-03-23 11:52:36	1	0	1	0
       22	2023-03-23 16:10:00	1	1	1	0
       17	2023-03-23 16:11:16	1	1	1	0
       16	2023-03-23 21:04:07	1	1	1	0
       19	2023-03-23 21:04:13	1	1	1	0
       17	2023-03-24 06:43:28	1	0	1	0
       22	2023-03-24 06:55:39	1	0	1	0
       19	2023-03-24 11:49:03	1	0	1	0
       16	2023-03-24 11:54:53	1	0	1	0
       17	2023-03-24 16:49:10	1	1	1	0
       22	2023-03-24 16:49:15	1	1	1	0
       19	2023-03-24 21:16:37	1	1	1	0
       16	2023-03-24 21:16:44	1	1	1	0
       16	2023-03-25 06:54:40	1	0	1	0
       19	2023-03-25 06:55:02	1	0	1	0
       16	2023-03-25 21:06:53	1	1	1	0
       19	2023-03-25 21:07:00	1	1	1	0
       17	2023-03-26 06:48:35	1	0	1	0
       22	2023-03-26 06:49:26	1	0	1	0
       17	2023-03-26 21:34:02	1	1	1	0
       22	2023-03-26 21:34:06	1	1	1	0
       16	2023-03-27 07:53:19	1	0	1	0
       19	2023-03-27 07:54:00	1	0	1	0
       17	2023-03-27 11:52:52	1	0	1	0
       22	2023-03-27 12:05:14	1	0	1	0
       19	2023-03-27 17:18:38	1	1	1	0
       16	2023-03-27 17:20:50	1	1	1	0
       17	2023-03-27 21:32:47	1	1	1	0
       22	2023-03-27 21:32:57	1	1	1	0
       16	2023-03-28 07:54:19	1	0	1	0
       19	2023-03-28 07:56:01	1	0	1	0
       22	2023-03-28 11:59:39	1	0	1	0
       17	2023-03-28 12:02:57	1	0	1	0
       19	2023-03-28 17:04:59	1	1	1	0
       16	2023-03-28 17:05:03	1	1	1	0
       22	2023-03-28 21:18:44	1	1	1	0
       17	2023-03-28 21:19:28	1	1	1	0
       16	2023-03-29 07:53:52	1	0	1	0
       19	2023-03-29 07:55:52	1	0	1	0
       17	2023-03-29 11:56:00	1	0	1	0
       22	2023-03-29 12:02:14	1	0	1	0
       19	2023-03-29 17:34:52	1	1	1	0
       16	2023-03-29 17:36:13	1	1	1	0
       22	2023-03-29 21:11:41	1	1	1	0
       17	2023-03-29 21:11:47	1	1	1	0
       19	2023-03-30 07:53:55	1	0	1	0
       16	2023-03-30 07:53:59	1	0	1	0
       17	2023-03-30 12:01:32	1	0	1	0
       22	2023-03-30 12:11:25	1	0	1	0
       19	2023-03-30 17:04:56	1	1	1	0
       16	2023-03-30 17:06:18	1	1	1	0
       17	2023-03-30 21:04:26	1	1	1	0
       22	2023-03-30 21:04:42	1	1	1	0
       19	2023-03-31 07:53:33	1	0	1	0
       16	2023-03-31 07:53:39	1	0	1	0
       22	2023-03-31 11:32:01	1	0	1	0
       17	2023-03-31 11:39:09	1	0	1	0
       19	2023-03-31 17:06:04	1	1	1	0
       16	2023-03-31 17:06:52	1	1	1	0
       22	2023-03-31 21:50:07	1	1	1	0
       17	2023-03-31 21:50:10	1	1	1	0
       17	2023-04-01 07:35:10	1	0	1	0
       22	2023-04-01 07:52:08	1	0	1	0
       22	2023-04-01 17:17:06	1	1	1	0
       17	2023-04-01 21:25:57	1	1	1	0
       16	2023-04-02 07:50:52	1	0	1	0
       19	2023-04-02 07:57:23	1	0	1	0
       19	2023-04-02 21:40:23	1	1	1	0
       16	2023-04-02 21:40:28	1	1	1	0
       17	2023-04-03 07:55:22	1	0	1	0
       22	2023-04-03 08:00:10	1	0	1	0
       16	2023-04-03 11:52:51	1	0	1	0
       19	2023-04-03 11:55:13	1	0	1	0
       22	2023-04-03 17:22:44	1	1	1	0
       17	2023-04-03 17:35:27	1	1	1	0
       16	2023-04-03 21:05:46	1	1	1	0
       19	2023-04-03 21:06:13	1	1	1	0
       17	2023-04-04 07:56:26	1	0	1	0
       19	2023-04-04 07:58:24	1	0	1	0
       16	2023-04-04 11:53:10	1	0	1	0
       22	2023-04-04 11:55:50	1	0	1	0
       19	2023-04-04 17:13:37	1	1	1	0
       17	2023-04-04 17:17:33	1	1	1	0
       22	2023-04-04 21:05:41	1	1	1	0
       16	2023-04-04 21:05:45	1	1	1	0
       19	2023-04-05 07:53:52	1	0	1	0
       17	2023-04-05 07:53:56	1	0	1	0
       16	2023-04-05 11:54:04	1	0	1	0
       22	2023-04-05 11:56:19	1	0	1	0
       19	2023-04-05 17:14:14	1	1	1	0
       17	2023-04-05 17:19:37	1	1	1	0
       16	2023-04-05 21:51:51	1	1	1	0
       22	2023-04-05 21:52:03	1	1	1	0
       17	2023-04-06 07:52:26	1	0	1	0
       19	2023-04-06 07:52:48	1	0	1	0
       16	2023-04-06 11:52:59	1	0	1	0
       22	2023-04-06 11:59:37	1	0	1	0
       17	2023-04-06 17:03:43	1	1	1	0
       19	2023-04-06 17:04:05	1	1	1	0
       16	2023-04-06 21:07:27	1	1	1	0
       22	2023-04-06 21:07:34	1	1	1	0
       19	2023-04-07 07:55:01	1	0	1	0
       17	2023-04-07 07:55:14	1	0	1	0
       22	2023-04-07 11:35:40	1	0	1	0
       16	2023-04-07 11:51:37	1	0	1	0
       19	2023-04-07 17:27:32	1	1	1	0
       17	2023-04-07 17:46:13	1	1	1	0
       16	2023-04-07 21:07:11	1	1	1	0
       22	2023-04-07 21:07:17	1	1	1	0
       16	2023-04-08 07:51:31	1	0	1	0
       22	2023-04-08 08:06:47	1	0	1	0
       16	2023-04-08 21:03:37	1	1	1	0
       22	2023-04-08 21:03:44	1	1	1	0
       19	2023-04-09 07:57:41	1	0	1	0
       17	2023-04-09 07:57:51	1	0	1	0
       19	2023-04-09 21:06:43	1	1	1	0
       17	2023-04-09 21:06:46	1	1	1	0
       16	2023-04-10 06:55:36	1	0	1	0
       22	2023-04-10 06:59:20	1	0	1	0
       19	2023-04-10 11:52:24	1	0	1	0
       17	2023-04-10 12:06:47	1	0	1	0
       22	2023-04-10 16:15:53	1	1	1	0
       16	2023-04-10 16:16:04	1	1	1	0
       17	2023-04-10 21:46:19	1	1	1	0
       19	2023-04-10 21:46:24	1	1	1	0
       16	2023-04-11 06:54:30	1	0	1	0
       22	2023-04-11 06:54:49	1	0	1	0
       19	2023-04-11 11:48:23	1	0	1	0
       17	2023-04-11 11:49:55	1	0	1	0
       22	2023-04-11 16:22:05	1	1	1	0
       16	2023-04-11 16:24:58	1	1	1	0
       17	2023-04-11 22:11:10	1	1	1	0
       19	2023-04-11 22:11:18	1	1	1	0
       16	2023-04-12 06:54:29	1	0	1	0
       22	2023-04-12 07:01:44	1	0	1	0
       19	2023-04-12 11:52:26	1	0	1	0
       17	2023-04-12 11:53:50	1	0	1	0
       16	2023-04-12 17:56:53	1	1	1	0
       22	2023-04-12 18:48:16	1	1	1	0
       17	2023-04-12 22:18:56	1	1	1	0
       19	2023-04-12 22:19:05	1	1	1	0
       16	2023-04-13 06:53:16	1	0	1	0
       22	2023-04-13 07:05:09	1	0	1	0
       19	2023-04-13 11:59:07	1	0	1	0
       17	2023-04-13 12:06:06	1	0	1	0
       16	2023-04-13 16:51:11	1	1	1	0
       22	2023-04-13 16:51:41	1	1	1	0
       19	2023-04-13 21:26:03	1	1	1	0
       17	2023-04-13 21:26:08	1	1	1	0
       16	2023-04-14 06:54:18	1	0	1	0
       22	2023-04-14 06:54:36	1	0	1	0
       17	2023-04-14 11:52:04	1	0	1	0
       19	2023-04-14 11:52:34	1	0	1	0
       16	2023-04-14 16:15:09	1	1	1	0
       22	2023-04-14 16:17:51	1	1	1	0
       19	2023-04-14 21:30:26	1	1	1	0
       17	2023-04-14 21:30:43	1	1	1	0
       17	2023-04-15 06:51:38	1	0	1	0
       19	2023-04-15 06:59:36	1	0	1	0
       19	2023-04-15 21:27:25	1	1	1	0
       17	2023-04-15 21:27:31	1	1	1	0
       16	2023-04-16 06:53:27	1	0	1	0
       22	2023-04-16 07:03:58	1	0	1	0
       16	2023-04-16 21:07:28	1	1	1	0
       22	2023-04-16 21:07:34	1	1	1	0
       19	2023-04-17 06:59:50	1	0	1	0
       17	2023-04-17 07:01:04	1	0	1	0
       22	2023-04-17 11:48:52	1	0	1	0
       16	2023-04-17 11:52:34	1	0	1	0
       19	2023-04-17 16:12:28	1	1	1	0
       17	2023-04-17 16:36:07	1	1	1	0
       16	2023-04-17 22:00:11	1	1	1	0
       22	2023-04-17 22:00:18	1	1	1	0
       17	2023-04-18 06:58:52	1	0	1	0
       19	2023-04-18 06:58:56	1	0	1	0
       22	2023-04-18 11:52:00	1	0	1	0
       16	2023-04-18 11:53:55	1	0	1	0
       19	2023-04-18 16:28:54	1	1	1	0
       17	2023-04-18 17:31:17	1	1	1	0
       22	2023-04-18 21:00:49	1	1	1	0
       16	2023-04-18 21:01:58	1	1	1	0
       19	2023-04-19 07:02:55	1	0	1	0
       17	2023-04-19 07:03:06	1	0	1	0
       16	2023-04-19 11:53:00	1	0	1	0
       22	2023-04-19 11:58:29	1	0	1	0
       19	2023-04-19 16:46:07	1	1	1	0
       17	2023-04-19 18:32:15	1	1	1	0
       16	2023-04-19 21:25:02	1	1	1	0
       22	2023-04-19 21:25:14	1	1	1	0
       17	2023-04-20 06:58:12	1	0	1	0
       19	2023-04-20 07:00:17	1	0	1	0
       16	2023-04-20 11:54:55	1	0	1	0
       22	2023-04-20 12:01:09	1	0	1	0
       17	2023-04-20 16:13:37	1	1	1	0
       19	2023-04-20 16:21:44	1	1	1	0
       22	2023-04-20 21:20:07	1	1	1	0
       16	2023-04-20 21:21:18	1	1	1	0
       16	2023-04-21 06:55:29	1	0	1	0
       17	2023-04-21 06:55:37	1	0	1	0
       19	2023-04-21 07:02:22	1	0	1	0
       22	2023-04-21 07:05:42	1	0	1	0
       22	2023-04-21 17:23:46	1	1	1	0
       16	2023-04-21 17:23:54	1	1	1	0
       17	2023-04-21 17:23:58	1	1	1	0
       19	2023-04-21 17:24:04	1	1	1	0
       17	2023-04-28 10:08:59	1	0	1	0
       16	2023-04-28 10:09:12	1	0	1	0
       22	2023-04-28 14:32:37	1	1	1	0
       17	2023-04-28 14:32:59	1	1	1	0
       16	2023-04-28 14:33:26	1	1	1	0
       19	2023-04-29 07:07:13	1	0	1	0
       17	2023-04-29 07:22:56	1	0	1	0
       16	2023-04-29 11:53:41	1	0	1	0
       22	2023-04-29 12:01:11	1	0	1	0
       17	2023-04-29 16:03:22	1	1	1	0
       19	2023-04-29 16:11:38	1	1	1	0
       16	2023-04-29 21:10:49	1	1	1	0
       22	2023-04-29 21:10:58	1	0	1	0
       22	2023-04-29 21:11:05	1	1	1	0
       19	2023-04-30 07:00:11	1	0	1	0
       17	2023-04-30 07:00:15	1	0	1	0
       22	2023-04-30 11:53:19	1	0	1	0
       16	2023-04-30 11:54:20	1	0	1	0
       17	2023-04-30 12:21:08	1	1	1	0
       19	2023-04-30 16:14:03	1	1	1	0
       16	2023-04-30 21:01:29	1	1	1	0
       22	2023-04-30 21:01:42	1	1	1	0
       17	2023-05-01 06:58:31	1	0	1	0
       22	2023-05-01 06:59:47	1	0	1	0
       16	2023-05-01 11:52:27	1	0	1	0
       19	2023-05-01 11:55:40	1	0	1	0
       22	2023-05-01 16:08:05	1	1	1	0
       17	2023-05-01 16:08:41	1	1	1	0
       16	2023-05-01 21:04:15	1	1	1	0
       19	2023-05-01 21:04:22	1	1	1	0
       17	2023-05-02 06:57:44	1	0	1	0
       22	2023-05-02 06:58:44	1	0	1	0
       19	2023-05-02 11:47:36	1	0	1	0
       16	2023-05-02 11:54:25	1	0	1	0
       17	2023-05-02 16:03:23	1	1	1	0
       22	2023-05-02 16:03:58	1	1	1	0
       16	2023-05-02 21:02:43	1	1	1	0
       19	2023-05-02 21:03:09	1	1	1	0
       17	2023-05-03 06:56:10	1	0	1	0
       22	2023-05-03 06:56:39	1	0	1	0
       16	2023-05-03 10:22:31	1	0	1	0
       19	2023-05-03 10:45:25	1	0	1	0
       17	2023-05-03 16:17:47	1	1	1	0
       22	2023-05-03 16:17:53	1	1	1	0
       16	2023-05-03 21:00:35	1	1	1	0
       19	2023-05-03 21:00:59	1	1	1	0
       17	2023-05-04 06:55:28	1	0	1	0
       22	2023-05-04 06:58:45	1	0	1	0
       16	2023-05-04 11:51:40	1	0	1	0
       19	2023-05-04 11:59:46	1	0	1	0
       23	2023-05-04 16:23:00	1	0	1	0
       17	2023-05-04 16:31:01	1	1	1	0
       23	2023-05-04 16:31:08	1	1	1	0
       22	2023-05-04 16:37:45	1	1	1	0
       16	2023-05-04 21:03:12	1	1	1	0
       19	2023-05-04 21:03:20	1	1	1	0
       17	2023-05-05 06:33:10	1	0	1	0
       23	2023-05-05 06:52:43	1	0	1	0
       22	2023-05-05 06:53:22	1	0	1	0
       16	2023-05-05 11:55:02	1	0	1	0
       19	2023-05-05 11:58:43	1	0	1	0
       22	2023-05-05 16:12:44	1	1	1	0
       23	2023-05-05 16:21:28	1	0	1	0
       23	2023-05-05 16:21:37	1	1	1	0
       17	2023-05-05 16:24:08	1	1	1	0
       19	2023-05-05 21:03:33	1	1	1	0
       16	2023-05-05 21:03:37	1	1	1	0
       16	2023-05-06 06:56:16	1	0	1	0
       19	2023-05-06 06:58:11	1	0	1	0
       19	2023-05-06 21:05:18	1	1	1	0
       16	2023-05-06 21:05:21	1	1	1	0
       17	2023-05-07 06:51:29	1	0	1	0
       22	2023-05-07 06:51:37	1	0	1	0
       23	2023-05-07 06:52:39	1	0	1	0
       17	2023-05-07 21:02:33	1	0	1	0
       23	2023-05-07 21:02:44	1	1	1	0
       17	2023-05-07 21:02:53	1	1	1	0
       22	2023-05-07 21:02:56	1	1	1	0
       16	2023-05-08 06:53:23	1	0	1	0
       19	2023-05-08 06:54:30	1	0	1	0
       23	2023-05-08 11:46:08	1	0	1	0
       22	2023-05-08 11:57:00	1	0	1	0
       17	2023-05-08 11:59:09	1	0	1	0
       19	2023-05-08 16:15:12	1	1	1	0
       16	2023-05-08 16:15:29	1	1	1	0
       22	2023-05-08 21:06:35	1	1	1	0
       17	2023-05-08 21:06:39	1	1	1	0
       23	2023-05-08 21:06:44	1	1	1	0
       16	2023-05-09 06:53:57	1	0	1	0
       22	2023-05-09 06:58:24	1	0	1	0
       23	2023-05-09 11:50:27	1	0	1	0
       19	2023-05-09 11:58:07	1	0	1	0
       17	2023-05-09 12:02:40	1	0	1	0
       16	2023-05-09 12:13:42	1	1	1	0
       22	2023-05-09 17:40:46	1	1	1	0
       17	2023-05-09 21:09:01	1	1	1	0
       23	2023-05-09 21:09:06	1	1	1	0
       19	2023-05-09 21:09:12	1	1	1	0
       19	2023-05-10 06:56:24	1	0	1	0
       16	2023-05-10 06:56:33	1	0	1	0
       22	2023-05-10 11:52:17	1	0	1	0
       23	2023-05-10 11:57:44	1	0	1	0
       17	2023-05-10 12:03:51	1	0	1	0
       19	2023-05-10 16:12:33	1	1	1	0
       16	2023-05-10 16:12:57	1	1	1	0
       17	2023-05-10 21:08:40	1	1	1	0
       22	2023-05-10 21:08:49	1	1	1	0
       23	2023-05-10 21:08:53	1	1	1	0
       16	2023-05-11 06:54:19	1	0	1	0
       19	2023-05-11 06:57:23	1	0	1	0
       22	2023-05-11 11:51:00	1	0	1	0
       17	2023-05-11 11:56:48	1	0	1	0
       23	2023-05-11 11:59:26	1	0	1	0
       19	2023-05-11 16:11:51	1	1	1	0
       16	2023-05-11 16:12:11	1	1	1	0
       22	2023-05-11 21:12:17	1	1	1	0
       23	2023-05-11 21:12:25	1	1	1	0
       17	2023-05-11 21:13:06	1	1	1	0
       16	2023-05-12 06:56:15	1	0	1	0
       19	2023-05-12 06:56:41	1	0	1	0
       22	2023-05-12 11:41:23	1	0	1	0
       23	2023-05-12 11:41:31	1	0	1	0
       17	2023-05-12 12:10:32	1	0	1	0
       16	2023-05-12 16:05:33	1	1	1	0
       19	2023-05-12 16:06:04	1	1	1	0
       23	2023-05-12 21:06:14	1	1	1	0
       17	2023-05-12 21:06:18	1	1	1	0
       22	2023-05-12 21:06:24	1	1	1	0
       16	2023-05-13 06:59:04	1	0	1	0
       22	2023-05-13 07:06:21	1	0	1	0
       16	2023-05-13 21:13:14	1	1	1	0
       22	2023-05-13 21:13:22	1	1	1	0
       23	2023-05-14 06:55:45	1	0	1	0
       17	2023-05-14 06:55:54	1	0	1	0
       19	2023-05-14 06:58:55	1	0	1	0
       17	2023-05-14 21:11:34	1	1	1	0
       19	2023-05-14 21:11:37	1	1	1	0
       23	2023-05-14 21:11:42	1	1	1	0
       17	2023-05-15 06:59:43	1	0	1	0
       22	2023-05-15 07:00:06	1	0	1	0
       23	2023-05-15 07:00:14	1	0	1	0
       16	2023-05-15 11:51:57	1	0	1	0
       19	2023-05-15 11:57:43	1	0	1	0
       17	2023-05-15 17:33:43	1	1	1	0
       23	2023-05-15 17:34:22	1	1	1	0
       22	2023-05-15 17:41:39	1	1	1	0
       19	2023-05-15 21:11:45	1	1	1	0
       16	2023-05-15 21:11:49	1	1	1	0
       17	2023-05-16 06:55:56	1	0	1	0
       22	2023-05-16 06:56:08	1	0	1	0
       23	2023-05-16 06:56:34	1	0	1	0
       16	2023-05-16 11:49:18	1	0	1	0
       19	2023-05-16 11:59:04	1	0	1	0
       17	2023-05-16 18:14:19	1	1	1	0
       22	2023-05-16 18:16:10	1	1	1	0
       23	2023-05-16 18:25:50	1	1	1	0
       19	2023-05-16 21:18:14	1	1	1	0
       16	2023-05-16 21:18:21	1	1	1	0
       17	2023-05-17 06:58:23	1	0	1	0
       23	2023-05-17 06:59:06	1	0	1	0
       22	2023-05-17 06:59:39	1	0	1	0
       16	2023-05-17 11:51:54	1	0	1	0
       19	2023-05-17 11:59:10	1	0	1	0
       17	2023-05-17 16:25:34	1	1	1	0
       22	2023-05-17 16:26:26	1	1	1	0
       23	2023-05-17 16:33:16	1	1	1	0
       19	2023-05-17 21:12:02	1	1	1	0
       16	2023-05-17 21:12:05	1	1	1	0
       17	2023-05-18 06:38:27	1	0	1	0
       23	2023-05-18 06:50:54	1	0	1	0
       22	2023-05-18 06:57:28	1	0	1	0
       16	2023-05-18 11:52:41	1	0	1	0
       19	2023-05-18 11:57:41	1	0	1	0
       17	2023-05-18 16:10:21	1	1	1	0
       22	2023-05-18 16:10:23	1	1	1	0
       23	2023-05-18 16:12:00	1	1	1	0
       19	2023-05-18 21:15:35	1	1	1	0
       16	2023-05-18 21:15:55	1	1	1	0
       17	2023-05-19 07:05:05	1	0	1	0
       22	2023-05-19 07:05:08	1	0	1	0
       23	2023-05-19 07:05:12	1	0	1	0
       16	2023-05-19 11:51:51	1	0	1	0
       19	2023-05-19 11:55:30	1	0	1	0
       17	2023-05-19 16:31:12	1	1	1	0
       23	2023-05-19 16:32:59	1	1	1	0
       22	2023-05-19 16:33:18	1	1	1	0
       19	2023-05-19 21:04:02	1	1	1	0
       16	2023-05-19 21:04:06	1	1	1	0
       16	2023-05-20 06:54:42	1	0	1	0
       22	2023-05-20 07:00:26	1	0	1	0
       16	2023-05-20 21:11:48	1	1	1	0
       22	2023-05-20 21:11:56	1	1	1	0
       17	2023-05-21 06:54:14	1	0	1	0
       23	2023-05-21 06:54:42	1	0	1	0
       19	2023-05-21 06:56:18	1	0	1	0
       17	2023-05-21 21:06:22	1	1	1	0
       19	2023-05-21 21:06:28	1	1	1	0
       23	2023-05-21 21:06:31	1	1	1	0
       16	2023-05-22 06:57:14	1	0	1	0
       19	2023-05-22 06:57:20	1	0	1	0
       22	2023-05-22 11:44:17	1	0	1	0
       23	2023-05-22 11:46:53	1	0	1	0
       17	2023-05-22 12:08:04	1	0	1	0
       19	2023-05-22 16:05:01	1	1	1	0
       16	2023-05-22 16:06:00	1	1	1	0
       17	2023-05-22 21:14:33	1	1	1	0
       22	2023-05-22 21:14:48	1	1	1	0
       23	2023-05-22 21:14:51	1	1	1	0
       16	2023-05-23 06:56:36	1	0	1	0
       19	2023-05-23 06:56:45	1	0	1	0
       23	2023-05-23 11:50:15	1	0	1	0
       22	2023-05-23 11:58:34	1	0	1	0
       17	2023-05-23 12:03:28	1	0	1	0
       19	2023-05-23 16:07:42	1	1	1	0
       16	2023-05-23 16:07:50	1	1	1	0
       17	2023-05-23 21:07:53	1	1	1	0
       22	2023-05-23 21:08:01	1	1	1	0
       23	2023-05-23 21:08:07	1	1	1	0
       16	2023-05-24 06:55:20	1	0	1	0
       19	2023-05-24 06:55:26	1	0	1	0
       23	2023-05-24 11:48:16	1	0	1	0
       22	2023-05-24 11:51:46	1	0	1	0
       17	2023-05-24 12:01:47	1	0	1	0
       19	2023-05-24 16:05:12	1	1	1	0
       16	2023-05-24 16:06:46	1	1	1	0
       22	2023-05-24 21:08:51	1	1	1	0
       17	2023-05-24 21:08:56	1	1	1	0
       23	2023-05-24 21:09:01	1	1	1	0
       16	2023-05-25 06:56:30	1	0	1	0
       19	2023-05-25 06:56:39	1	0	1	0
       23	2023-05-25 11:49:26	1	0	1	0
       22	2023-05-25 11:50:42	1	0	1	0
       17	2023-05-25 11:55:29	1	0	1	0
       19	2023-05-25 16:31:32	1	1	1	0
       16	2023-05-25 17:20:56	1	1	1	0
       23	2023-05-25 21:29:27	1	1	1	0
       22	2023-05-25 21:29:37	1	1	1	0
       17	2023-05-25 21:29:40	1	1	1	0
       19	2023-05-26 06:54:43	1	0	1	0
       16	2023-05-26 06:54:47	1	0	1	0
       17	2023-05-26 11:04:33	1	0	1	0
       23	2023-05-26 11:18:29	1	0	1	0
       22	2023-05-26 11:20:42	1	0	1	0
       19	2023-05-26 16:06:17	1	1	1	0
       16	2023-05-26 16:06:35	1	1	1	0
       17	2023-05-26 21:30:39	1	1	1	0
       22	2023-05-26 21:30:43	1	1	1	0
       23	2023-05-26 21:30:46	1	1	1	0
       17	2023-05-27 06:51:55	1	0	1	0
       23	2023-05-27 06:51:59	1	0	1	0
       22	2023-05-27 06:54:00	1	0	1	0
       17	2023-05-27 21:12:33	1	1	1	0
       23	2023-05-27 21:12:38	1	1	1	0
       22	2023-05-27 21:12:43	1	1	1	0
       16	2023-05-28 06:54:56	1	0	1	0
       19	2023-05-28 06:55:19	1	0	1	0
       16	2023-05-28 21:05:02	1	1	1	0
       19	2023-05-28 21:05:09	1	1	1	0
       17	2023-05-29 06:53:18	1	0	1	0
       23	2023-05-29 06:53:54	1	0	1	0
       22	2023-05-29 06:56:27	1	0	1	0
       16	2023-05-29 11:54:43	1	0	1	0
       19	2023-05-29 11:56:57	1	0	1	0
       23	2023-05-29 16:24:24	1	1	1	0
       22	2023-05-29 16:24:35	1	1	1	0
       17	2023-05-29 16:24:50	1	1	1	0
       19	2023-05-29 21:07:15	1	1	1	0
       16	2023-05-29 21:07:39	1	1	1	0
       17	2023-05-30 06:54:44	1	0	1	0
       23	2023-05-30 06:54:56	1	0	1	0
       22	2023-05-30 06:57:43	1	0	1	0
       16	2023-05-30 11:54:07	1	0	1	0
       19	2023-05-30 11:57:44	1	0	1	0
       17	2023-05-30 16:04:49	1	1	1	0
       23	2023-05-30 16:05:25	1	1	1	0
       22	2023-05-30 16:17:32	1	1	1	0
       19	2023-05-30 21:05:28	1	1	1	0
       16	2023-05-30 21:05:32	1	1	1	0
       17	2023-05-31 06:57:32	1	0	1	0
       22	2023-05-31 06:57:36	1	0	1	0
       23	2023-05-31 06:57:44	1	0	1	0
       19	2023-05-31 11:53:08	1	0	1	0
       16	2023-05-31 11:54:35	1	0	1	0
       17	2023-05-31 16:11:26	1	1	1	0
       23	2023-05-31 16:11:49	1	1	1	0
       22	2023-05-31 16:20:55	1	1	1	0
       16	2023-05-31 21:05:57	1	1	1	0
       19	2023-05-31 21:06:10	1	1	1	0
       17	2023-06-01 06:53:47	1	0	1	0
       23	2023-06-01 06:54:05	1	0	1	0
       22	2023-06-01 06:57:10	1	0	1	0
       16	2023-06-01 11:54:44	1	0	1	0
       19	2023-06-01 11:59:04	1	0	1	0
       17	2023-06-01 16:09:38	1	1	1	0
       22	2023-06-01 16:10:03	1	1	1	0
       23	2023-06-01 16:10:22	1	1	1	0
       19	2023-06-01 21:06:12	1	1	1	0
       16	2023-06-01 21:06:16	1	1	1	0
       17	2023-06-02 06:52:32	1	0	1	0
       23	2023-06-02 06:53:00	1	0	1	0
       22	2023-06-02 06:57:47	1	0	1	0
       16	2023-06-02 11:53:17	1	0	1	0
       19	2023-06-02 11:57:53	1	0	1	0
       17	2023-06-02 16:09:07	1	1	1	0
       23	2023-06-02 16:09:20	1	1	1	0
       22	2023-06-02 16:09:45	1	1	1	0
       16	2023-06-02 21:06:41	1	1	1	0
       19	2023-06-02 21:06:53	1	1	1	0
       16	2023-06-03 06:53:49	1	0	1	0
       19	2023-06-03 06:57:29	1	0	1	0
       16	2023-06-03 21:03:38	1	1	1	0
       19	2023-06-03 21:03:52	1	1	1	0
       17	2023-06-04 06:50:06	1	0	1	0
       23	2023-06-04 06:50:23	1	0	1	0
       22	2023-06-04 06:58:12	1	0	1	0
       17	2023-06-04 21:05:47	1	1	1	0
       22	2023-06-04 21:05:52	1	1	1	0
       23	2023-06-04 21:05:58	1	1	1	0
       16	2023-06-05 06:53:43	1	0	1	0
       23	2023-06-05 06:53:58	1	0	1	0
       22	2023-06-05 07:06:40	1	0	1	0
       19	2023-06-05 12:01:55	1	0	1	0
       17	2023-06-05 12:07:12	1	0	1	0
       16	2023-06-05 16:03:49	1	1	1	0
       23	2023-06-05 16:04:03	1	1	1	0
       22	2023-06-05 16:06:27	1	0	1	0
       22	2023-06-05 16:06:33	1	1	1	0
       19	2023-06-05 21:15:50	1	1	1	0
       17	2023-06-05 21:15:52	1	1	1	0
       16	2023-06-06 06:54:46	1	0	1	0
       23	2023-06-06 06:55:09	1	0	1	0
       22	2023-06-06 07:02:38	1	0	1	0
       19	2023-06-06 11:53:59	1	0	1	0
       17	2023-06-06 12:05:44	1	0	1	0
       16	2023-06-06 16:02:45	1	1	1	0
       22	2023-06-06 16:12:11	1	1	1	0
       23	2023-06-06 16:12:37	1	1	1	0
       19	2023-06-06 21:09:55	1	1	1	0
       17	2023-06-06 21:10:03	1	1	1	0
       16	2023-06-07 06:58:15	1	0	1	0
       22	2023-06-07 06:58:19	1	0	1	0
       23	2023-06-07 06:58:27	1	0	1	0
       19	2023-06-07 11:47:19	1	0	1	0
       17	2023-06-07 12:01:05	1	0	1	0
       16	2023-06-07 16:02:42	1	1	1	0
       23	2023-06-07 16:03:49	1	1	1	0
       22	2023-06-07 16:09:47	1	1	1	0
       17	2023-06-07 21:04:45	1	1	1	0
       19	2023-06-07 21:04:49	1	1	1	0
       16	2023-06-08 06:52:11	1	0	1	0
       23	2023-06-08 06:52:19	1	0	1	0
       22	2023-06-08 06:56:37	1	0	1	0
       19	2023-06-08 11:42:40	1	0	1	0
       17	2023-06-08 12:01:32	1	0	1	0
       16	2023-06-08 16:06:35	1	1	1	0
       22	2023-06-08 16:06:46	1	1	1	0
       23	2023-06-08 16:08:12	1	1	1	0
       19	2023-06-08 21:06:12	1	1	1	0
       17	2023-06-08 21:06:16	1	1	1	0
       16	2023-06-09 06:54:40	1	0	1	0
       23	2023-06-09 06:55:03	1	0	1	0
       22	2023-06-09 07:03:42	1	0	1	0
       19	2023-06-09 11:54:35	1	0	1	0
       17	2023-06-09 11:59:20	1	0	1	0
       16	2023-06-09 16:06:15	1	1	1	0
       23	2023-06-09 16:13:59	1	1	1	0
       22	2023-06-09 16:14:02	1	1	1	0
       17	2023-06-09 21:05:07	1	1	1	0
       19	2023-06-09 21:05:35	1	1	1	0
       19	2023-06-10 06:58:41	1	0	1	0
       17	2023-06-10 06:58:51	1	0	1	0
       17	2023-06-10 21:04:49	1	1	1	0
       19	2023-06-10 21:05:08	1	1	1	0
       16	2023-06-11 06:53:16	1	0	1	0
       22	2023-06-11 06:53:35	1	0	1	0
       23	2023-06-11 06:53:41	1	0	1	0
       22	2023-06-11 21:02:33	1	1	1	0
       16	2023-06-11 21:02:39	1	1	1	0
       23	2023-06-11 21:02:53	1	1	1	0
       17	2023-06-12 06:51:06	1	0	1	0
       19	2023-06-12 06:56:59	1	0	1	0
       23	2023-06-12 11:46:08	1	0	1	0
       22	2023-06-12 11:52:11	1	0	1	0
       16	2023-06-12 11:53:17	1	0	1	0
       17	2023-06-12 16:13:37	1	1	1	0
       19	2023-06-12 16:15:04	1	1	1	0
       22	2023-06-12 21:14:14	1	1	1	0
       23	2023-06-12 21:14:18	1	1	1	0
       16	2023-06-12 21:14:22	1	1	1	0
       17	2023-06-13 06:47:44	1	0	1	0
       19	2023-06-13 06:57:21	1	0	1	0
       22	2023-06-13 11:52:42	1	0	1	0
       23	2023-06-13 11:52:49	1	0	1	0
       16	2023-06-13 11:53:20	1	0	1	0
       17	2023-06-13 16:06:37	1	1	1	0
       19	2023-06-13 16:07:39	1	1	1	0
       23	2023-06-13 21:23:39	1	1	1	0
       16	2023-06-13 21:23:46	1	1	1	0
       22	2023-06-13 21:23:48	1	1	1	0
       17	2023-06-14 06:53:15	1	0	1	0
       19	2023-06-14 06:59:04	1	0	1	0
       23	2023-06-14 11:41:04	1	0	1	0
       22	2023-06-14 11:47:24	1	0	1	0
       16	2023-06-14 11:53:50	1	0	1	0
       19	2023-06-14 16:24:04	1	1	1	0
       16	2023-06-14 21:09:08	1	1	1	0
       22	2023-06-14 21:09:16	1	1	1	0
       23	2023-06-14 21:09:47	1	1	1	0
       17	2023-06-15 06:52:45	1	0	1	0
       19	2023-06-15 06:58:00	1	0	1	0
       23	2023-06-15 11:46:18	1	0	1	0
       22	2023-06-15 11:48:49	1	0	1	0
       16	2023-06-15 11:53:47	1	0	1	0
       19	2023-06-15 16:07:22	1	1	1	0
       17	2023-06-15 16:08:02	1	1	1	0
       16	2023-06-15 21:10:11	1	1	1	0
       22	2023-06-15 21:10:19	1	1	1	0
       23	2023-06-15 21:10:25	1	1	1	0
       19	2023-06-16 07:00:23	1	0	1	0
       17	2023-06-16 07:00:32	1	0	1	0
       22	2023-06-16 11:32:48	1	0	1	0
       23	2023-06-16 11:47:35	1	0	1	0
       16	2023-06-16 11:55:04	1	0	1	0
       19	2023-06-16 16:23:29	1	1	1	0
       17	2023-06-16 16:24:51	1	1	1	0
       22	2023-06-16 21:12:44	1	1	1	0
       23	2023-06-16 21:12:51	1	1	1	0
       16	2023-06-16 21:13:00	1	1	1	0
       16	2023-06-17 06:51:56	1	0	1	0
       23	2023-06-17 06:52:08	1	0	1	0
       19	2023-06-17 06:59:12	1	0	1	0
       19	2023-06-17 21:10:14	1	1	1	0
       16	2023-06-17 21:10:21	1	1	1	0
       23	2023-06-17 21:10:30	1	1	1	0
       17	2023-06-18 06:45:28	1	0	1	0
       22	2023-06-18 06:58:35	1	0	1	0
       22	2023-06-18 21:10:10	1	1	1	0
       17	2023-06-18 21:10:15	1	1	1	0
       16	2023-06-19 06:53:15	1	0	1	0
       22	2023-06-19 06:54:47	1	0	1	0
       23	2023-06-19 11:42:56	1	0	1	0
       19	2023-06-19 11:52:11	1	0	1	0
       17	2023-06-19 12:00:25	1	0	1	0
       16	2023-06-19 16:04:02	1	0	1	0
       16	2023-06-19 16:04:08	1	1	1	0
       22	2023-06-19 16:11:37	1	1	1	0
       19	2023-06-19 21:06:23	1	1	1	0
       17	2023-06-19 21:06:34	1	1	1	0
       23	2023-06-19 21:06:40	1	1	1	0
       16	2023-06-20 06:54:34	1	0	1	0
       22	2023-06-20 06:56:51	1	0	1	0
       19	2023-06-20 11:50:52	1	0	1	0
       17	2023-06-20 11:57:19	1	0	1	0
       16	2023-06-20 16:17:23	1	1	1	0
       22	2023-06-20 16:23:25	1	1	1	0
       17	2023-06-20 21:08:33	1	1	1	0
       19	2023-06-20 21:08:40	1	1	1	0
       23	2023-06-20 21:08:52	1	1	1	0
       16	2023-06-21 06:55:32	1	0	1	0
       22	2023-06-21 06:55:47	1	0	1	0
       23	2023-06-21 11:41:11	1	0	1	0
       19	2023-06-21 11:49:44	1	0	1	0
       17	2023-06-21 12:09:52	1	0	1	0
       16	2023-06-21 16:11:00	1	1	1	0
       22	2023-06-21 16:15:22	1	1	1	0
       17	2023-06-21 21:11:57	1	1	1	0
       19	2023-06-21 21:12:02	1	1	1	0
       23	2023-06-21 21:12:08	1	1	1	0
       16	2023-06-22 06:54:38	1	0	1	0
       22	2023-06-22 06:54:49	1	0	1	0
       23	2023-06-22 11:45:21	1	0	1	0
       19	2023-06-22 11:55:14	1	0	1	0
       17	2023-06-22 12:04:15	1	0	1	0
       17	2023-06-22 12:15:29	1	0	1	0
       16	2023-06-22 16:04:15	1	1	1	0
       22	2023-06-22 16:04:20	1	1	1	0
       19	2023-06-22 21:08:20	1	1	1	0
       17	2023-06-22 21:08:27	1	1	1	0
       23	2023-06-22 21:08:33	1	1	1	0
       16	2023-06-23 06:54:11	1	0	1	0
       22	2023-06-23 06:56:34	1	0	1	0
       23	2023-06-23 11:30:50	1	0	1	0
       19	2023-06-23 11:52:54	1	0	1	0
       17	2023-06-23 12:02:31	1	0	1	0
       16	2023-06-23 16:05:45	1	1	1	0
       22	2023-06-23 16:06:50	1	1	1	0
       19	2023-06-23 21:11:25	1	1	1	0
       17	2023-06-23 21:11:31	1	1	1	0
       23	2023-06-23 21:11:41	1	1	1	0
       23	2023-06-24 06:52:54	1	0	1	0
       17	2023-06-24 06:52:59	1	0	1	0
       19	2023-06-24 06:59:58	1	0	1	0
       17	2023-06-24 21:07:44	1	1	1	0
       19	2023-06-24 21:08:02	1	1	1	0
       23	2023-06-24 21:08:08	1	1	1	0
       16	2023-06-25 06:52:25	1	0	1	0
       22	2023-06-25 07:05:34	1	0	1	0
       16	2023-06-25 21:06:37	1	1	1	0
       22	2023-06-25 21:06:42	1	1	1	0
       19	2023-06-26 06:58:38	1	0	1	0
       17	2023-06-26 06:58:44	1	0	1	0
       23	2023-06-26 06:58:50	1	0	1	0
       16	2023-06-26 11:53:48	1	0	1	0
       22	2023-06-26 12:02:28	1	0	1	0
       23	2023-06-26 16:01:12	1	1	1	0
       19	2023-06-26 16:04:24	1	1	1	0
       17	2023-06-26 16:04:33	1	1	1	0
       22	2023-06-26 21:02:58	1	1	1	0
       16	2023-06-26 21:03:07	1	1	1	0
       17	2023-06-27 06:49:56	1	0	1	0
       23	2023-06-27 06:57:07	1	0	1	0
       19	2023-06-27 06:57:14	1	0	1	0
       22	2023-06-27 11:51:42	1	0	1	0
       16	2023-06-27 11:54:13	1	0	1	0
       19	2023-06-27 16:01:16	1	1	1	0
       17	2023-06-27 16:05:31	1	1	1	0
       23	2023-06-27 16:05:42	1	1	1	0
       22	2023-06-27 21:02:11	1	1	1	0
       16	2023-06-27 21:02:14	1	1	1	0
       17	2023-06-28 06:48:23	1	0	1	0
       19	2023-06-28 06:56:31	1	0	1	0
       23	2023-06-28 06:59:22	1	0	1	0
       16	2023-06-28 11:53:22	1	0	1	0
       22	2023-06-28 11:59:36	1	0	1	0
       19	2023-06-28 16:03:42	1	1	1	0
       23	2023-06-28 16:05:54	1	1	1	0
       17	2023-06-28 18:22:39	1	1	1	0
       22	2023-06-28 21:04:57	1	1	1	0
       16	2023-06-28 21:05:04	1	1	1	0
       17	2023-06-29 11:51:14	1	0	1	0
       23	2023-06-29 11:51:48	1	0	1	0
       19	2023-06-29 11:57:38	1	0	1	0
       22	2023-06-29 15:36:17	1	0	1	0
       16	2023-06-29 15:54:53	1	0	1	0
       23	2023-06-29 17:00:46	1	1	1	0
       19	2023-06-29 17:04:11	1	1	1	0
       16	2023-06-29 21:02:29	1	1	1	0
       22	2023-06-29 21:02:38	1	1	1	0
       17	2023-06-30 06:54:24	1	0	1	0
       23	2023-06-30 06:54:37	1	0	1	0
       19	2023-06-30 06:59:03	1	0	1	0
       22	2023-06-30 11:38:22	1	0	1	0
       16	2023-06-30 11:54:59	1	0	1	0
       23	2023-06-30 16:00:53	1	1	1	0
       17	2023-06-30 16:04:10	1	1	1	0
       17	2023-06-30 16:05:07	1	1	1	0
       19	2023-06-30 16:07:16	1	1	1	0
       22	2023-06-30 21:06:00	1	1	1	0
       16	2023-06-30 21:06:21	1	1	1	0
       16	2023-07-01 06:53:43	1	0	1	0
       22	2023-07-01 06:54:04	1	0	1	0
       16	2023-07-01 21:01:07	1	1	1	0
       22	2023-07-01 21:01:15	1	1	1	0
       17	2023-07-02 06:49:41	1	0	1	0
       23	2023-07-02 06:57:35	1	0	1	0
       19	2023-07-02 06:58:29	1	0	1	0
       19	2023-07-02 21:07:09	1	1	1	0
       23	2023-07-02 21:07:42	1	1	1	0
       17	2023-07-02 21:07:48	1	1	1	0
       16	2023-07-03 06:56:36	1	0	1	0
       22	2023-07-03 06:56:42	1	0	1	0
       23	2023-07-03 11:38:20	1	0	1	0
       19	2023-07-03 11:50:40	1	0	1	0
       17	2023-07-03 12:04:08	1	0	1	0
       16	2023-07-03 16:09:33	1	1	1	0
       22	2023-07-03 16:12:49	1	1	1	0
       19	2023-07-03 21:05:19	1	1	1	0
       17	2023-07-03 21:05:21	1	1	1	0
       23	2023-07-03 21:05:30	1	1	1	0
       16	2023-07-04 06:53:06	1	0	1	0
       22	2023-07-04 06:53:18	1	0	1	0
       23	2023-07-04 11:53:56	1	0	1	0
       19	2023-07-04 11:54:47	1	0	1	0
       17	2023-07-04 12:00:22	1	0	1	0
       16	2023-07-04 16:08:39	1	1	1	0
       22	2023-07-04 16:12:41	1	1	1	0
       19	2023-07-04 21:06:03	1	1	1	0
       23	2023-07-04 21:06:08	1	1	1	0
       17	2023-07-04 21:06:23	1	1	1	0
       16	2023-07-05 06:53:57	1	0	1	0
       22	2023-07-05 06:54:13	1	0	1	0
       23	2023-07-05 11:48:45	1	0	1	0
       19	2023-07-05 11:57:46	1	0	1	0
       16	2023-07-05 16:10:33	1	1	1	0
       22	2023-07-05 16:20:19	1	1	1	0
       19	2023-07-05 21:08:08	1	1	1	0
       23	2023-07-05 21:08:12	1	1	1	0
       16	2023-07-06 06:54:59	1	0	1	0
       22	2023-07-06 06:55:11	1	0	1	0
       23	2023-07-06 11:48:49	1	0	1	0
       19	2023-07-06 11:50:43	1	0	1	0
       17	2023-07-06 11:57:13	1	0	1	0
       16	2023-07-06 16:14:51	1	1	1	0
       22	2023-07-06 16:36:32	1	1	1	0
       23	2023-07-06 21:26:23	1	1	1	0
       19	2023-07-06 21:26:32	1	1	1	0
       17	2023-07-06 21:26:49	1	1	1	0
       16	2023-07-07 06:54:32	1	0	1	0
       22	2023-07-07 06:57:42	1	0	1	0
       23	2023-07-07 11:40:53	1	0	1	0
       19	2023-07-07 11:48:02	1	0	1	0
       17	2023-07-07 11:58:25	1	0	1	0
       16	2023-07-07 16:16:06	1	1	1	0
       22	2023-07-07 16:16:17	1	1	1	0
       19	2023-07-07 21:04:27	1	1	1	0
       17	2023-07-07 21:04:30	1	1	1	0
       23	2023-07-07 21:04:36	1	1	1	0
       19	2023-07-08 06:55:15	1	0	1	0
       23	2023-07-08 06:55:19	1	0	1	0
       17	2023-07-08 06:55:24	1	0	1	0
       17	2023-07-08 08:31:34	1	1	1	0
       19	2023-07-08 21:13:44	1	1	1	0
       23	2023-07-08 21:13:47	1	1	1	0
       16	2023-07-09 06:53:45	1	0	1	0
       22	2023-07-09 06:53:57	1	0	1	0
       22	2023-07-09 21:00:36	1	1	1	0
       16	2023-07-09 21:00:40	1	1	1	0
       19	2023-07-10 06:56:09	1	0	1	0
       17	2023-07-10 06:56:15	1	0	1	0
       23	2023-07-10 07:07:52	1	0	1	0
       22	2023-07-10 11:49:08	1	0	1	0
       16	2023-07-10 11:52:40	1	0	1	0
       19	2023-07-10 16:05:02	1	1	1	0
       17	2023-07-10 16:05:13	1	1	1	0
       23	2023-07-10 16:06:31	1	1	1	0
       16	2023-07-10 21:03:10	1	1	1	0
       22	2023-07-10 21:03:18	1	1	1	0
       17	2023-07-11 06:55:02	1	0	1	0
       23	2023-07-11 06:55:23	1	0	1	0
       19	2023-07-11 06:56:15	1	0	1	0
       16	2023-07-11 11:54:09	1	0	1	0
       22	2023-07-11 11:59:45	1	0	1	0
       19	2023-07-11 16:04:30	1	1	1	0
       17	2023-07-11 16:04:38	1	1	1	0
       23	2023-07-11 16:09:30	1	1	1	0
       16	2023-07-11 21:02:05	1	1	1	0
       22	2023-07-11 21:02:13	1	1	1	0
       17	2023-07-12 06:53:17	1	0	1	0
       19	2023-07-12 06:53:21	1	0	1	0
       23	2023-07-12 06:55:44	1	0	1	0
       16	2023-07-12 11:52:51	1	0	1	0
       22	2023-07-12 11:56:46	1	0	1	0
       17	2023-07-12 16:37:08	1	1	1	0
       23	2023-07-12 16:41:46	1	1	1	0
       19	2023-07-12 16:42:15	1	1	1	0
       16	2023-07-12 21:04:15	1	1	1	0
       22	2023-07-12 21:04:22	1	1	1	0
       19	2023-07-13 06:57:35	1	0	1	0
       17	2023-07-13 06:57:38	1	0	1	0
       23	2023-07-13 06:57:50	1	0	1	0
       16	2023-07-13 11:53:12	1	0	1	0
       22	2023-07-13 11:59:30	1	0	1	0
       17	2023-07-13 16:11:25	1	1	1	0
       19	2023-07-13 16:12:36	1	1	1	0
       23	2023-07-13 16:14:10	1	1	1	0
       16	2023-07-13 21:08:04	1	1	1	0
       22	2023-07-13 21:08:12	1	1	1	0
       23	2023-07-14 06:56:47	1	0	1	0
       17	2023-07-14 06:56:51	1	0	1	0
       19	2023-07-14 06:57:26	1	0	1	0
       22	2023-07-14 11:37:05	1	0	1	0
       16	2023-07-14 11:52:05	1	0	1	0
       19	2023-07-14 16:12:11	1	1	1	0
       17	2023-07-14 16:14:34	1	1	1	0
       23	2023-07-14 16:20:34	1	1	1	0
       22	2023-07-14 21:06:27	1	1	1	0
       16	2023-07-14 21:06:36	1	1	1	0
       16	2023-07-15 06:53:07	1	0	1	0
       22	2023-07-15 06:54:59	1	0	1	0
       16	2023-07-15 21:05:52	1	1	1	0
       22	2023-07-15 21:06:10	1	1	1	0
       17	2023-07-16 06:53:25	1	0	1	0
       23	2023-07-16 06:53:37	1	0	1	0
       17	2023-07-16 21:09:29	1	1	1	0
       23	2023-07-16 21:09:37	1	1	1	0
       16	2023-07-17 06:54:11	1	0	1	0
       22	2023-07-17 06:54:43	1	0	1	0
       23	2023-07-17 11:43:55	1	0	1	0
       19	2023-07-17 11:48:58	1	0	1	0
       17	2023-07-17 12:00:44	1	0	1	0
       22	2023-07-17 16:25:10	1	1	1	0
       16	2023-07-17 16:26:15	1	1	1	0
       19	2023-07-17 21:14:23	1	1	1	0
       17	2023-07-17 21:14:30	1	1	1	0
       23	2023-07-17 21:14:37	1	1	1	0
       16	2023-07-18 06:53:43	1	0	1	0
       22	2023-07-18 06:57:45	1	0	1	0
       23	2023-07-18 11:40:01	1	0	1	0
       19	2023-07-18 11:47:34	1	0	1	0
       17	2023-07-18 11:54:56	1	0	1	0
       16	2023-07-18 16:08:44	1	1	1	0
       22	2023-07-18 16:15:19	1	1	1	0
       19	2023-07-18 21:07:32	1	1	1	0
       23	2023-07-18 21:07:39	1	1	1	0
       17	2023-07-18 21:07:47	1	1	1	0
       17	2023-07-19 06:49:16	1	0	1	0
       23	2023-07-19 06:49:27	1	0	1	0
       19	2023-07-19 06:53:02	1	0	1	0
       22	2023-07-19 10:39:51	1	0	1	0
       22	2023-07-19 17:11:31	1	1	1	0
       19	2023-07-19 21:03:42	1	1	1	0
       23	2023-07-19 21:03:47	1	1	1	0
       17	2023-07-19 21:03:57	1	1	1	0
       16	2023-07-20 06:54:03	1	0	1	0
       22	2023-07-20 06:57:59	1	0	1	0
       16	2023-07-20 21:03:02	1	1	1	0
       22	2023-07-20 21:03:10	1	1	1	0
       16	2023-07-21 06:53:30	1	0	1	0
       22	2023-07-21 06:53:40	1	0	1	0
       23	2023-07-21 11:50:05	1	0	1	0
       19	2023-07-21 11:50:38	1	0	1	0
       17	2023-07-21 11:56:55	1	0	1	0
       16	2023-07-21 17:57:04	1	1	1	0
       22	2023-07-21 18:05:38	1	1	1	0
       19	2023-07-21 21:50:41	1	1	1	0
       17	2023-07-21 21:51:08	1	1	1	0
       23	2023-07-21 21:51:20	1	1	1	0
       17	2023-07-22 06:55:49	1	0	1	0
       19	2023-07-22 06:55:51	1	0	1	0
       16	2023-07-22 06:56:04	1	0	1	0
       22	2023-07-22 06:56:07	1	0	1	0
       23	2023-07-22 06:56:11	1	0	1	0
       17	2023-07-22 21:20:29	1	1	1	0
       19	2023-07-22 21:20:34	1	1	1	0
       22	2023-07-22 21:20:40	1	1	1	0
       23	2023-07-22 21:20:50	1	1	1	0
       16	2023-07-22 21:21:45	1	1	1	0
       16	2023-07-23 06:53:59	1	0	1	0
       22	2023-07-23 06:59:03	1	0	1	0
       23	2023-07-23 11:48:24	1	0	1	0
       19	2023-07-23 11:50:17	1	0	1	0
       17	2023-07-23 12:06:28	1	0	1	0
       16	2023-07-23 16:23:38	1	1	1	0
       22	2023-07-23 16:26:41	1	1	1	0
       23	2023-07-23 21:21:07	1	1	1	0
       17	2023-07-23 21:21:09	1	1	1	0
       19	2023-07-23 21:21:14	1	1	1	0
       19	2023-07-24 06:57:01	1	0	1	0
       17	2023-07-24 06:57:04	1	0	1	0
       23	2023-07-24 06:57:10	1	0	1	0
       22	2023-07-24 11:52:18	1	0	1	0
       16	2023-07-24 11:53:31	1	0	1	0
       17	2023-07-24 16:10:01	1	1	1	0
       19	2023-07-24 16:13:26	1	1	1	0
       23	2023-07-24 16:14:50	1	1	1	0
       17	2023-07-25 06:56:07	1	0	1	0
       23	2023-07-25 06:56:19	1	0	1	0
       19	2023-07-25 07:00:39	1	0	1	0
       17	2023-07-25 11:10:55	1	1	1	0
       22	2023-07-25 11:50:10	1	0	1	0
       16	2023-07-25 11:53:02	1	0	1	0
       23	2023-07-25 16:04:56	1	1	1	0
       19	2023-07-25 16:06:04	1	1	1	0
       16	2023-07-25 21:03:19	1	1	1	0
       22	2023-07-25 21:03:35	1	1	1	0
       17	2023-07-26 06:56:11	1	0	1	0
       23	2023-07-26 06:56:25	1	0	1	0
       19	2023-07-26 06:57:38	1	0	1	0
       22	2023-07-26 11:50:13	1	0	1	0
       16	2023-07-26 11:52:38	1	0	1	0
       19	2023-07-26 16:13:09	1	1	1	0
       17	2023-07-26 16:16:29	1	1	1	0
       23	2023-07-26 16:25:34	1	1	1	0
       16	2023-07-26 21:11:31	1	1	1	0
       22	2023-07-26 21:11:39	1	1	1	0
       17	2023-07-27 06:53:41	1	0	1	0
       23	2023-07-27 06:56:50	1	0	1	0
       19	2023-07-27 06:58:30	1	0	1	0
       22	2023-07-27 11:48:30	1	0	1	0
       16	2023-07-27 11:52:45	1	0	1	0
       17	2023-07-27 16:07:12	1	1	1	0
       19	2023-07-27 16:07:17	1	1	1	0
       23	2023-07-27 16:18:38	1	1	1	0
       22	2023-07-27 21:11:55	1	1	1	0
       16	2023-07-27 21:11:59	1	1	1	0
       17	2023-07-28 06:58:23	1	0	1	0
       19	2023-07-28 06:58:29	1	0	1	0
       23	2023-07-28 06:58:40	1	0	1	0
       22	2023-07-28 11:27:19	1	0	1	0
       16	2023-07-28 11:52:20	1	0	1	0
       23	2023-07-28 16:10:21	1	1	1	0
       17	2023-07-28 16:10:39	1	1	1	0
       19	2023-07-28 16:11:04	1	1	1	0
       22	2023-07-28 21:09:06	1	1	1	0
       16	2023-07-28 21:09:12	1	1	1	0
       17	2023-07-29 06:33:29	1	0	1	0
       23	2023-07-29 06:34:27	1	0	1	0
       22	2023-07-29 06:43:53	1	0	1	0
       23	2023-07-29 21:11:06	1	1	1	0
       17	2023-07-29 21:11:13	1	1	1	0
       22	2023-07-29 21:11:19	1	1	1	0
       16	2023-07-30 06:51:14	1	0	1	0
       19	2023-07-30 06:56:44	1	0	1	0
       19	2023-07-30 21:03:27	1	1	1	0
       16	2023-07-30 21:03:40	1	1	1	0
       17	2023-07-31 06:49:46	1	0	1	0
       23	2023-07-31 06:51:14	1	0	1	0
       22	2023-07-31 06:53:42	1	0	1	0
       19	2023-07-31 11:48:34	1	0	1	0
       16	2023-07-31 11:52:12	1	0	1	0
       23	2023-07-31 16:24:32	1	1	1	0
       22	2023-07-31 16:30:41	1	1	1	0
       17	2023-07-31 16:30:49	1	1	1	0
       19	2023-07-31 21:05:38	1	1	1	0
       16	2023-07-31 21:05:49	1	1	1	0
       17	2023-08-01 06:51:23	1	0	1	0
       23	2023-08-01 06:51:37	1	0	1	0
       22	2023-08-01 06:53:31	1	0	1	0
       19	2023-08-01 11:51:44	1	0	1	0
       16	2023-08-01 11:52:27	1	0	1	0
